183.846 2 8 2 8 50 2851 1 1 0 0
183.908 2 8 2 8 60 2861 1 1 0 0
183.986 2 8 2 8 70 2871 1 1 0 0
184.049 2 8 2 8 80 2881 1 1 0 0
184.127 2 8 2 8 90 2891 1 1 0 0
184.189 2 8 2 8 100 2901 1 1 0 0
184.268 2 8 2 8 110 2911 1 1 0 0
184.346 2 8 2 8 120 2921 1 1 0 0
184.408 2 8 2 8 130 2931 1 1 0 0
184.486 2 8 2 8 140 2941 1 1 0 0
184.549 2 8 2 8 150 2951 1 1 0 0
184.627 2 8 2 8 160 2961 1 1 0 0
184.689 2 8 2 8 170 2971 1 1 0 0
184.767 2 8 2 8 180 2981 1 1 0 0
184.846 2 8 2 8 190 2991 1 1 0 0
184.908 2 8 2 8 200 3001 1 1 0 0
184.986 2 8 2 8 210 3011 1 1 0 0
185.049 2 8 2 8 220 3021 1 1 0 0
185.127 2 8 2 8 230 3031 1 1 0 0
185.189 2 8 2 8 240 3041 1 1 0 0
185.267 2 8 2 8 250 3051 1 1 0 0
185.345 2 9 2 9 261 3062 1 1 0 0
185.408 2 8 2 8 271 3072 1 1 0 0
185.486 2 8 2 8 281 3082 1 1 0 0
185.549 2 8 2 8 291 3092 1 1 0 0
185.627 2 8 2 8 301 3102 1 1 0 0
185.689 2 8 2 8 311 3112 1 1 0 0
185.767 2 8 2 8 321 3122 1 1 0 0
185.845 2 8 2 8 331 3132 1 1 0 0
185.908 2 8 2 8 341 3142 1 1 0 0
185.986 2 8 2 8 351 3152 1 1 0 0
186.048 2 8 2 8 361 3162 1 1 0 0
186.127 2 8 2 8 371 3172 1 1 0 0
186.189 2 8 2 8 381 3182 1 1 0 0
186.267 2 8 2 8 391 3192 1 1 0 0
186.345 2 8 2 8 401 3202 1 1 0 0
186.408 2 8 2 8 411 3212 1 1 0 0
186.486 2 8 2 8 421 3222 1 1 0 0
186.548 2 8 2 8 431 3232 1 1 0 0
186.626 2 8 2 8 441 3242 1 1 0 0
186.689 2 8 2 8 451 3252 1 1 0 0
186.767 2 8 2 8 461 3262 1 1 0 0
186.845 2 8 2 8 471 3272 1 1 0 0
186.908 2 8 2 8 481 3282 1 1 0 0
186.986 2 8 2 8 491 3292 1 1 0 0
187.048 2 8 2 8 501 3302 1 1 0 0
187.126 2 8 2 8 511 3312 1 1 0 0
187.189 2 8 2 8 521 3322 1 1 0 0
187.267 2 8 2 8 531 3332 1 1 0 0
187.345 2 8 2 8 541 3342 1 1 0 0
187.407 2 8 2 8 551 3352 1 1 0 0
187.486 2 8 2 8 561 3362 1 1 0 0
187.548 2 8 2 8 571 3372 1 1 0 0
187.626 2 8 2 8 581 3382 1 1 0 0
187.689 2 8 2 8 591 3392 1 1 0 0
187.767 2 8 2 8 601 3402 1 1 0 0
187.845 2 8 2 8 611 3412 1 1 0 0
187.907 2 8 2 8 621 3422 1 1 0 0
187.985 2 8 2 8 631 3432 1 1 0 0
188.048 2 8 2 8 641 3442 1 1 0 0
188.126 2 8 2 8 651 3452 1 1 0 0
188.189 2 8 2 8 661 3462 1 1 0 0
188.267 2 8 2 8 671 3472 1 1 0 0
188.345 2 8 2 8 681 3482 1 1 0 0
188.407 2 8 2 8 691 3492 1 1 0 0
188.485 2 8 2 8 701 3502 1 1 0 0
188.548 2 8 2 8 711 3512 1 1 0 0
188.626 2 8 2 8 721 3522 1 1 0 0
188.688 2 8 2 8 731 3532 1 1 0 0
188.767 2 8 2 8 741 3542 1 1 0 0
188.845 2 8 2 8 751 3552 1 1 0 0
188.907 2 8 2 8 761 3562 1 1 0 0
188.985 2 8 2 8 771 3572 1 1 0 0
189.048 2 8 2 8 781 3582 1 1 0 0
189.126 2 8 2 8 791 3592 1 1 0 0
189.188 2 8 2 8 801 3602 1 1 0 0
189.266 2 8 2 8 811 3612 1 1 0 0
189.345 2 8 2 8 821 3622 1 1 0 0
189.407 2 8 2 8 831 3632 1 1 0 0
189.485 2 8 2 8 841 3642 1 1 0 0
189.548 2 8 2 8 851 3652 1 1 0 0
189.626 2 8 2 8 861 3662 1 1 0 0
189.688 2 8 2 8 871 3672 1 1 0 0
189.766 2 8 2 8 881 3682 1 1 0 0
189.844 2 8 2 8 891 3692 1 1 0 0
189.907 2 8 2 8 901 3702 1 1 0 0
189.985 2 8 2 8 911 3712 1 1 0 0
190.047 2 8 2 8 921 3722 1 1 0 0
190.126 2 8 2 8 931 3732 1 1 0 0
190.188 2 8 2 8 941 3742 1 1 0 0
190.266 2 8 2 8 951 3752 1 1 0 0
190.344 2 8 2 8 961 3762 1 1 0 0
190.407 2 8 2 8 971 3772 1 1 0 0
190.485 2 8 2 8 981 3782 1 1 0 0
190.547 2 8 2 8 991 3792 1 1 0 0
190.625 2 8 2 8 1001 3802 1 1 0 0
190.704 2 8 2 8 1011 3812 1 1 0 0
190.766 2 8 2 8 1021 3822 1 1 0 0
190.844 2 8 2 8 1031 3832 1 1 0 0
190.907 2 8 2 8 1041 3842 1 1 0 0
190.985 2 8 2 8 1051 3852 1 1 0 0
191.047 2 8 2 8 1061 3862 1 1 0 0
191.125 2 8 2 8 1071 3872 1 1 0 0
191.203 2 8 2 8 1081 3882 1 1 0 0
191.266 2 8 2 8 1091 3892 1 1 0 0
191.344 2 8 2 8 1101 3902 1 1 0 0
191.407 2 8 2 8 1111 3912 1 1 0 0
191.485 2 8 2 8 1121 3922 1 1 0 0
191.547 2 8 2 8 1131 3932 1 1 0 0
191.625 2 8 2 8 1141 3942 1 1 0 0
191.688 2 8 2 8 1151 3952 1 1 0 0
191.766 2 8 2 8 1161 3962 1 1 0 0
191.844 2 8 2 8 1171 3972 1 1 0 0
191.906 2 8 2 8 1181 3982 1 1 0 0
191.985 2 8 2 8 1191 3992 1 1 0 0
192.047 2 8 2 8 1201 4002 1 1 0 0
192.125 2 8 2 8 1211 4012 1 1 0 0
192.203 2 8 2 8 1221 4022 1 1 0 0
192.266 2 8 2 8 1231 4032 1 1 0 0
192.344 2 8 2 8 1241 4042 1 1 0 0
192.406 2 8 2 8 1251 4052 1 1 0 0
192.484 2 8 2 8 1261 4062 1 1 0 0
192.547 2 8 2 8 1271 4072 1 1 0 0
192.625 2 8 2 8 1281 4082 1 1 0 0
192.703 2 8 2 8 1291 4092 1 1 0 0
192.766 2 8 2 8 1301 4102 1 1 0 0
192.844 2 8 2 8 1311 4112 1 1 0 0
192.906 2 8 2 8 1321 4122 1 1 0 0
192.984 2 8 2 8 1331 4132 1 1 0 0
193.047 2 8 2 8 1341 4142 1 1 0 0
193.125 2 8 2 8 1351 4152 1 1 0 0
193.203 2 8 2 8 1361 4162 1 1 0 0
193.265 2 8 2 8 1371 4172 1 1 0 0
193.344 2 8 2 8 1381 4182 1 1 0 0
193.406 2 8 2 8 1391 4192 1 1 0 0
193.484 2 8 2 8 1401 4202 1 1 0 0
193.547 2 8 2 8 1411 4212 1 1 0 0
193.625 2 8 2 8 1421 4222 1 1 0 0
193.703 2 8 2 8 1431 4232 1 1 0 0
193.765 2 8 2 8 1441 4242 1 1 0 0
193.843 2 8 2 8 1451 4252 1 1 0 0
193.906 2 8 2 8 1461 4262 1 1 0 0
193.984 2 8 2 8 1471 4272 1 1 0 0
194.047 2 8 2 8 1481 4282 1 1 0 0
194.125 2 8 2 8 1491 4292 1 1 0 0
194.203 2 8 2 8 1501 4302 1 1 0 0
194.265 2 8 2 8 1511 4312 1 1 0 0
194.343 2 8 2 8 1521 4322 1 1 0 0
194.406 2 8 2 8 1531 4332 1 1 0 0
194.484 2 8 2 8 1541 4342 1 1 0 0
194.546 2 8 2 8 1551 4352 1 1 0 0
194.625 2 8 2 8 1561 4362 1 1 0 0
194.703 2 8 2 8 1571 4372 1 1 0 0
194.765 2 8 2 8 1581 4382 1 1 0 0
194.843 2 8 2 8 1591 4392 1 1 0 0
194.906 2 8 2 8 1601 4402 1 1 0 0
194.984 2 8 2 8 1611 4412 1 1 0 0
195.046 2 8 2 8 1621 4422 1 1 0 0
195.124 2 8 2 8 1631 4432 1 1 0 0
195.203 2 8 2 8 1641 4442 1 1 0 0
195.265 2 8 2 8 1651 4452 1 1 0 0
195.343 2 8 2 8 1661 4462 1 1 0 0
195.406 2 8 2 8 1671 4472 1 1 0 0
195.484 2 8 2 8 1681 4482 1 1 0 0
195.546 2 8 2 8 1691 4492 1 1 0 0
195.624 2 8 2 8 1701 4502 1 1 0 0
195.702 2 8 2 8 1711 4512 1 1 0 0
195.765 2 8 2 8 1721 4522 1 1 0 0
195.843 2 8 2 8 1731 4532 1 1 0 0
195.905 2 8 2 8 1741 4542 1 1 0 0
195.984 2 8 2 8 1751 4552 1 1 0 0
196.046 2 8 2 8 1761 4562 1 1 0 0
196.124 2 8 2 8 1771 4572 1 1 0 0
196.202 2 8 2 8 1781 4582 1 1 0 0
196.265 2 8 2 8 1791 4592 1 1 0 0
196.343 2 8 2 8 1801 4602 1 1 0 0
196.405 2 4 2 4 1807 4608 1 1 0 0
222.759 2 8 2 8 1817 4618 1 1 0 0
222.821 2 8 2 8 1827 4628 1 1 0 0
222.899 2 8 2 8 1837 4638 1 1 0 0
222.962 2 8 2 8 1847 4648 1 1 0 0
223.04 2 8 2 8 1857 4658 1 1 0 0
223.102 2 8 2 8 1867 4668 1 1 0 0
223.18 2 8 2 8 1877 4678 1 1 0 0
223.258 2 8 2 8 1887 4688 1 1 0 0
223.321 2 8 2 8 1897 4698 1 1 0 0
223.399 2 8 2 8 1907 4708 1 1 0 0
223.462 2 8 2 8 1917 4718 1 1 0 0
223.54 2 8 2 8 1927 4728 1 1 0 0
223.602 2 8 2 8 1937 4738 1 1 0 0
223.68 2 8 2 8 1947 4748 1 1 0 0
223.758 2 8 2 8 1957 4758 1 1 0 0
223.821 2 8 2 8 1967 4768 1 1 0 0
223.899 2 8 2 8 1977 4778 1 1 0 0
223.961 2 8 2 8 1987 4788 1 1 0 0
224.039 2 8 2 8 1997 4798 1 1 0 0
224.118 2 8 2 8 2007 4808 1 1 0 0
224.18 2 8 2 8 2017 4818 1 1 0 0
224.258 2 8 2 8 2027 4828 1 1 0 0
224.321 2 8 2 8 2037 4838 1 1 0 0
224.399 2 8 2 8 2047 4848 1 1 0 0
224.461 2 8 2 8 2057 4858 1 1 0 0
224.539 2 8 2 8 2067 4868 1 1 0 0
224.617 2 8 2 8 2077 4878 1 1 0 0
224.68 2 8 2 8 2087 4888 1 1 0 0
224.758 2 8 2 8 2097 4898 1 1 0 0
224.821 2 8 2 8 2107 4908 1 1 0 0
224.899 2 8 2 8 2117 4918 1 1 0 0
224.961 2 8 2 8 2127 4928 1 1 0 0
225.039 2 8 2 8 2137 4938 1 1 0 0
225.117 2 8 2 8 2147 4948 1 1 0 0
225.18 2 8 2 8 2157 4958 1 1 0 0
225.258 2 8 2 8 2167 4968 1 1 0 0
225.32 2 8 2 8 2177 4978 1 1 0 0
225.399 2 8 2 8 2187 4988 1 1 0 0
225.461 2 8 2 8 2197 4998 1 1 0 0
225.539 2 8 2 8 2207 5008 1 1 0 0
225.617 2 8 2 8 2217 5018 1 1 0 0
225.68 2 8 2 8 2227 5028 1 1 0 0
225.758 2 8 2 8 2237 5038 1 1 0 0
225.82 2 8 2 8 2247 5048 1 1 0 0
225.898 2 8 2 8 2257 5058 1 1 0 0
225.961 2 8 2 8 2267 5068 1 1 0 0
226.039 2 8 2 8 2277 5078 1 1 0 0
226.117 2 8 2 8 2287 5088 1 1 0 0
226.18 2 8 2 8 2297 5098 1 1 0 0
226.258 2 8 2 8 2307 5108 1 1 0 0
226.32 2 8 2 8 2317 5118 1 1 0 0
226.398 2 8 2 8 2327 5128 1 1 0 0
226.461 2 8 2 8 2337 5138 1 1 0 0
226.539 2 8 2 8 2347 5148 1 1 0 0
226.617 2 8 2 8 2357 5158 1 1 0 0
226.679 2 8 2 8 2367 5168 1 1 0 0
226.758 2 8 2 8 2377 5178 1 1 0 0
226.82 2 8 2 8 2387 5188 1 1 0 0
226.898 2 8 2 8 2397 5198 1 1 0 0
226.961 2 8 2 8 2407 5208 1 1 0 0
227.039 2 8 2 8 2417 5218 1 1 0 0
227.117 2 8 2 8 2427 5228 1 1 0 0
227.179 2 8 2 8 2437 5238 1 1 0 0
227.257 2 8 2 8 2447 5248 1 1 0 0
227.32 2 8 2 8 2457 5258 1 1 0 0
227.398 2 8 2 8 2467 5268 1 1 0 0
227.461 2 8 2 8 2477 5278 1 1 0 0
227.539 2 8 2 8 2487 5288 1 1 0 0
227.617 2 8 2 8 2497 5298 1 1 0 0
227.679 2 8 2 8 2507 5308 1 1 0 0
227.757 2 8 2 8 2517 5318 1 1 0 0
227.82 2 8 2 8 2527 5328 1 1 0 0
227.898 2 8 2 8 2537 5338 1 1 0 0
227.96 2 8 2 8 2547 5348 1 1 0 0
228.039 2 8 2 8 2557 5358 1 1 0 0
228.117 2 8 2 8 2567 5368 1 1 0 0
228.179 2 8 2 8 2577 5378 1 1 0 0
228.257 2 8 2 8 2587 5388 1 1 0 0
228.32 2 8 2 8 2597 5398 1 1 0 0
228.398 2 8 2 8 2607 5408 1 1 0 0
228.46 2 8 2 8 2617 5418 1 1 0 0
228.538 2 8 2 8 2627 5428 1 1 0 0
228.617 2 8 2 8 2637 5438 1 1 0 0
228.679 2 8 2 8 2647 5448 1 1 0 0
228.757 2 8 2 8 2657 5458 1 1 0 0
228.82 2 8 2 8 2667 5468 1 1 0 0
228.898 2 8 2 8 2677 5478 1 1 0 0
228.96 2 8 2 8 2687 5488 1 1 0 0
229.038 2 8 2 8 2697 5498 1 1 0 0
229.116 2 8 2 8 2707 5508 1 1 0 0
229.179 2 8 2 8 2717 5518 1 1 0 0
229.257 2 8 2 8 2727 5528 1 1 0 0
229.32 2 8 2 8 2737 5538 1 1 0 0
229.398 2 8 2 8 2747 5548 1 1 0 0
229.46 2 8 2 8 2757 5558 1 1 0 0
229.538 2 8 2 8 2767 5568 1 1 0 0
229.616 2 8 2 8 2777 5578 1 1 0 0
229.679 2 8 2 8 2787 5588 1 1 0 0
229.757 2 8 2 8 2797 5598 1 1 0 0
229.819 2 8 2 8 2807 5608 1 1 0 0
229.897 2 8 2 8 2817 5618 1 1 0 0
229.96 2 8 2 8 2827 5628 1 1 0 0
230.038 2 8 2 8 2837 5638 1 1 0 0
230.116 2 8 2 8 2847 5648 1 1 0 0
230.179 2 8 2 8 2857 5658 1 1 0 0
230.257 2 8 2 8 2867 5668 1 1 0 0
230.319 2 8 2 8 2877 5678 1 1 0 0
230.397 2 8 2 8 2887 5688 1 1 0 0
230.46 2 8 2 8 2897 5698 1 1 0 0
230.538 2 8 2 8 2907 5708 1 1 0 0
230.616 2 8 2 8 2917 5718 1 1 0 0
230.679 2 8 2 8 2927 5728 1 1 0 0
230.757 2 8 2 8 2937 5738 1 1 0 0
230.819 2 8 2 8 2947 5748 1 1 0 0
230.897 2 8 2 8 2957 5758 1 1 0 0
230.96 2 8 2 8 2967 5768 1 1 0 0
231.038 2 8 2 8 2977 5778 1 1 0 0
231.116 2 8 2 8 2987 5788 1 1 0 0
231.178 2 8 2 8 2997 5798 1 1 0 0
231.257 2 8 2 8 3007 5808 1 1 0 0
231.319 2 8 2 8 3017 5818 1 1 0 0
231.397 2 8 2 8 3027 5828 1 1 0 0
231.46 2 8 2 8 3037 5838 1 1 0 0
231.538 2 8 2 8 3047 5848 1 1 0 0
231.616 2 8 2 8 3057 5858 1 1 0 0
231.678 2 8 2 8 3067 5868 1 1 0 0
231.756 2 8 2 8 3077 5878 1 1 0 0
231.819 2 8 2 8 3087 5888 1 1 0 0
231.897 2 8 2 8 3097 5898 1 1 0 0
231.96 2 8 2 8 3107 5908 1 1 0 0
232.038 2 8 2 8 3117 5918 1 1 0 0
232.116 2 8 2 8 3127 5928 1 1 0 0
232.178 2 8 2 8 3137 5938 1 1 0 0
232.256 2 8 2 8 3147 5948 1 1 0 0
232.319 2 8 2 8 3157 5958 1 1 0 0
232.397 2 8 2 8 3167 5968 1 1 0 0
232.459 2 8 2 8 3177 5978 1 1 0 0
232.538 2 8 2 8 3187 5988 1 1 0 0
232.616 2 8 2 8 3197 5998 1 1 0 0
232.678 2 8 2 8 3207 6008 1 1 0 0
232.756 2 8 2 8 3217 6018 1 1 0 0
232.819 2 8 2 8 3227 6028 1 1 0 0
232.897 2 8 2 8 3237 6038 1 1 0 0
232.959 2 8 2 8 3247 6048 1 1 0 0
233.037 2 8 2 8 3257 6058 1 1 0 0
233.115 2 8 2 8 3267 6068 1 1 0 0
233.178 2 8 2 8 3277 6078 1 1 0 0
233.256 2 8 2 8 3287 6088 1 1 0 0
233.319 2 8 2 8 3297 6098 1 1 0 0
233.397 2 8 2 8 3307 6108 1 1 0 0
233.459 2 8 2 8 3317 6118 1 1 0 0
233.537 2 8 2 8 3327 6128 1 1 0 0
233.615 2 8 2 8 3337 6138 1 1 0 0
233.678 2 8 2 8 3347 6148 1 1 0 0
233.756 2 8 2 8 3357 6158 1 1 0 0
233.818 2 8 2 8 3367 6168 1 1 0 0
233.897 2 8 2 8 3377 6178 1 1 0 0
233.975 2 8 2 8 3387 6188 1 1 0 0
234.037 2 8 2 8 3397 6198 1 1 0 0
234.115 2 8 2 8 3407 6208 1 1 0 0
234.178 2 8 2 8 3417 6218 1 1 0 0
234.256 2 8 2 8 3427 6228 1 1 0 0
234.318 2 8 2 8 3437 6238 1 1 0 0
234.396 2 8 2 8 3447 6248 1 1 0 0
234.475 2 8 2 8 3457 6258 1 1 0 0
234.537 2 8 2 8 3467 6268 1 1 0 0
234.615 2 8 2 8 3477 6278 1 1 0 0
234.678 2 8 2 8 3487 6288 1 1 0 0
234.756 2 8 2 8 3497 6298 1 1 0 0
234.818 2 8 2 8 3507 6308 1 1 0 0
234.896 2 8 2 8 3517 6318 1 1 0 0
234.974 2 8 2 8 3527 6328 1 1 0 0
235.037 2 8 2 8 3537 6338 1 1 0 0
235.115 2 8 2 8 3547 6348 1 1 0 0
235.177 2 8 2 8 3557 6358 1 1 0 0
235.256 2 8 2 8 3567 6368 1 1 0 0
235.318 2 8 2 8 3577 6378 1 1 0 0
235.396 2 8 2 8 3587 6388 1 1 0 0
235.474 2 8 2 8 3597 6398 1 1 0 0
235.537 2 8 2 8 3607 6408 1 1 0 0
235.615 2 8 2 8 3617 6418 1 1 0 0
235.677 2 1 2 1 3620 6421 1 1 0 0
262.952 1 8 1 8 3633 6434 1 1 0 0
263.03 2 8 2 8 3643 6444 1 1 0 0
263.093 2 8 2 8 3653 6454 1 1 0 0
263.171 2 8 2 8 3663 6464 1 1 0 0
263.233 2 8 2 8 3673 6474 1 1 0 0
263.312 2 8 2 8 3683 6484 1 1 0 0
263.374 2 8 2 8 3693 6494 1 1 0 0
263.452 2 8 2 8 3703 6504 1 1 0 0
263.53 2 8 2 8 3713 6514 1 1 0 0
263.593 2 8 2 8 3723 6524 1 1 0 0
263.671 2 8 2 8 3733 6534 1 1 0 0
263.733 2 8 2 8 3743 6544 1 1 0 0
263.811 2 8 2 8 3753 6554 1 1 0 0
263.874 2 8 2 8 3763 6564 1 1 0 0
263.952 2 8 2 8 3773 6574 1 1 0 0
264.03 2 8 2 8 3783 6584 1 1 0 0
264.093 2 8 2 8 3793 6594 1 1 0 0
264.171 2 8 2 8 3803 6604 1 1 0 0
264.233 2 8 2 8 3813 6614 1 1 0 0
264.311 2 8 2 8 3823 6624 1 1 0 0
264.374 2 8 2 8 3833 6634 1 1 0 0
264.452 2 8 2 8 3843 6644 1 1 0 0
264.53 2 8 2 8 3853 6654 1 1 0 0
264.592 2 8 2 8 3863 6664 1 1 0 0
264.671 2 8 2 8 3873 6674 1 1 0 0
264.733 2 8 2 8 3883 6684 1 1 0 0
264.811 2 8 2 8 3893 6694 1 1 0 0
264.874 2 8 2 8 3903 6704 1 1 0 0
264.952 2 8 2 8 3913 6714 1 1 0 0
265.03 2 8 2 8 3923 6724 1 1 0 0
265.092 2 8 2 8 3933 6734 1 1 0 0
265.17 2 8 2 8 3943 6744 1 1 0 0
265.233 2 8 2 8 3953 6754 1 1 0 0
265.311 2 8 2 8 3963 6764 1 1 0 0
265.374 2 8 2 8 3973 6774 1 1 0 0
265.452 2 8 2 8 3983 6784 1 1 0 0
265.53 2 8 2 8 3993 6794 1 1 0 0
265.592 2 8 2 8 4003 6804 1 1 0 0
265.67 2 8 2 8 4013 6814 1 1 0 0
265.733 2 8 2 8 4023 6824 1 1 0 0
265.811 2 8 2 8 4033 6834 1 1 0 0
265.873 2 8 2 8 4043 6844 1 1 0 0
265.952 2 8 2 8 4053 6854 1 1 0 0
266.03 2 8 2 8 4063 6864 1 1 0 0
266.092 2 8 2 8 4073 6874 1 1 0 0
266.17 2 8 2 8 4083 6884 1 1 0 0
266.233 2 8 2 8 4093 6894 1 1 0 0
266.311 2 8 2 8 4103 6904 1 1 0 0
266.373 2 8 2 8 4113 6914 1 1 0 0
266.451 2 8 2 8 4123 6924 1 1 0 0
266.529 2 8 2 8 4133 6934 1 1 0 0
266.592 2 8 2 8 4143 6944 1 1 0 0
266.67 2 8 2 8 4153 6954 1 1 0 0
266.733 2 8 2 8 4163 6964 1 1 0 0
266.811 2 8 2 8 4173 6974 1 1 0 0
266.873 2 8 2 8 4183 6984 1 1 0 0
266.951 2 8 2 8 4193 6994 1 1 0 0
267.029 2 8 2 8 4203 7004 1 1 0 0
267.092 2 8 2 8 4213 7014 1 1 0 0
267.17 2 8 2 8 4223 7024 1 1 0 0
267.232 2 8 2 8 4233 7034 1 1 0 0
267.311 2 8 2 8 4243 7044 1 1 0 0
267.389 2 8 2 8 4253 7054 1 1 0 0
267.451 2 8 2 8 4263 7064 1 1 0 0
267.529 2 8 2 8 4273 7074 1 1 0 0
267.592 2 8 2 8 4283 7084 1 1 0 0
267.67 2 8 2 8 4293 7094 1 1 0 0
267.732 2 8 2 8 4303 7104 1 1 0 0
267.81 2 8 2 8 4313 7114 1 1 0 0
267.889 2 8 2 8 4323 7124 1 1 0 0
267.951 2 8 2 8 4333 7134 1 1 0 0
268.029 2 8 2 8 4343 7144 1 1 0 0
268.092 2 8 2 8 4353 7154 1 1 0 0
268.17 2 8 2 8 4363 7164 1 1 0 0
268.232 2 8 2 8 4373 7174 1 1 0 0
268.31 2 8 2 8 4383 7184 1 1 0 0
268.388 2 8 2 8 4393 7194 1 1 0 0
268.451 2 8 2 8 4403 7204 1 1 0 0
268.529 2 8 2 8 4413 7214 1 1 0 0
268.592 2 8 2 8 4423 7224 1 1 0 0
268.67 2 8 2 8 4433 7234 1 1 0 0
268.732 2 8 2 8 4443 7244 1 1 0 0
268.81 2 8 2 8 4453 7254 1 1 0 0
268.888 2 8 2 8 4463 7264 1 1 0 0
268.951 2 8 2 8 4473 7274 1 1 0 0
269.029 2 8 2 8 4483 7284 1 1 0 0
269.091 2 8 2 8 4493 7294 1 1 0 0
269.169 2 8 2 8 4503 7304 1 1 0 0
269.232 2 8 2 8 4513 7314 1 1 0 0
269.31 2 8 2 8 4523 7324 1 1 0 0
269.388 2 8 2 8 4533 7334 1 1 0 0
269.451 2 8 2 8 4543 7344 1 1 0 0
269.529 2 8 2 8 4553 7354 1 1 0 0
269.591 2 8 2 8 4563 7364 1 1 0 0
269.669 2 8 2 8 4573 7374 1 1 0 0
269.732 2 8 2 8 4583 7384 1 1 0 0
269.81 2 8 2 8 4593 7394 1 1 0 0
269.888 2 8 2 8 4603 7404 1 1 0 0
269.951 2 8 2 8 4613 7414 1 1 0 0
270.029 2 8 2 8 4623 7424 1 1 0 0
270.091 2 8 2 8 4633 7434 1 1 0 0
270.169 2 8 2 8 4643 7444 1 1 0 0
270.232 2 8 2 8 4653 7454 1 1 0 0
270.31 2 8 2 8 4663 7464 1 1 0 0
270.388 2 8 2 8 4673 7474 1 1 0 0
270.45 2 8 2 8 4683 7484 1 1 0 0
270.529 2 8 2 8 4693 7494 1 1 0 0
270.591 2 8 2 8 4703 7504 1 1 0 0
270.669 2 8 2 8 4713 7514 1 1 0 0
270.732 2 8 2 8 4723 7524 1 1 0 0
270.81 2 8 2 8 4733 7534 1 1 0 0
270.888 2 8 2 8 4743 7544 1 1 0 0
270.95 2 8 2 8 4753 7554 1 1 0 0
271.028 2 8 2 8 4763 7564 1 1 0 0
271.091 2 8 2 8 4773 7574 1 1 0 0
271.169 2 8 2 8 4783 7584 1 1 0 0
271.232 2 8 2 8 4793 7594 1 1 0 0
271.31 2 8 2 8 4803 7604 1 1 0 0
271.388 2 8 2 8 4813 7614 1 1 0 0
271.45 2 8 2 8 4823 7624 1 1 0 0
271.528 2 8 2 8 4833 7634 1 1 0 0
271.591 2 8 2 8 4843 7644 1 1 0 0
271.669 2 8 2 8 4853 7654 1 1 0 0
271.731 2 8 2 8 4863 7664 1 1 0 0
271.81 2 8 2 8 4873 7674 1 1 0 0
271.888 2 8 2 8 4883 7684 1 1 0 0
271.95 2 8 2 8 4893 7694 1 1 0 0
272.028 2 8 2 8 4903 7704 1 1 0 0
272.091 2 8 2 8 4913 7714 1 1 0 0
272.169 2 8 2 8 4923 7724 1 1 0 0
272.231 2 8 2 8 4933 7734 1 1 0 0
272.309 2 8 2 8 4943 7744 1 1 0 0
272.387 2 8 2 8 4953 7754 1 1 0 0
272.45 2 8 2 8 4963 7764 1 1 0 0
272.528 2 8 2 8 4973 7774 1 1 0 0
272.591 2 8 2 8 4983 7784 1 1 0 0
272.669 2 8 2 8 4993 7794 1 1 0 0
272.731 2 8 2 8 5003 7804 1 1 0 0
272.809 2 8 2 8 5013 7814 1 1 0 0
272.887 2 8 2 8 5023 7824 1 1 0 0
272.95 2 8 2 8 5033 7834 1 1 0 0
273.028 2 8 2 8 5043 7844 1 1 0 0
273.09 2 8 2 8 5053 7854 1 1 0 0
273.169 2 8 2 8 5063 7864 1 1 0 0
273.231 2 8 2 8 5073 7874 1 1 0 0
273.309 2 8 2 8 5083 7884 1 1 0 0
273.387 2 8 2 8 5093 7894 1 1 0 0
273.45 2 8 2 8 5103 7904 1 1 0 0
273.528 2 8 2 8 5113 7914 1 1 0 0
273.59 2 8 2 8 5123 7924 1 1 0 0
273.668 2 8 2 8 5133 7934 1 1 0 0
273.731 2 8 2 8 5143 7944 1 1 0 0
273.809 2 8 2 8 5153 7954 1 1 0 0
273.887 2 8 2 8 5163 7964 1 1 0 0
273.95 2 8 2 8 5173 7974 1 1 0 0
274.028 2 8 2 8 5183 7984 1 1 0 0
274.09 2 8 2 8 5193 7994 1 1 0 0
274.168 2 8 2 8 5203 8004 1 1 0 0
274.231 2 8 2 8 5213 8014 1 1 0 0
274.309 2 8 2 8 5223 8024 1 1 0 0
274.387 2 8 2 8 5233 8034 1 1 0 0
274.45 2 8 2 8 5243 8044 1 1 0 0
274.528 2 8 2 8 5253 8054 1 1 0 0
274.59 2 8 2 8 5263 8064 1 1 0 0
274.668 2 8 2 8 5273 8074 1 1 0 0
274.731 2 8 2 8 5283 8084 1 1 0 0
274.809 2 8 2 8 5293 8094 1 1 0 0
274.887 2 8 2 8 5303 8104 1 1 0 0
274.949 2 8 2 8 5313 8114 1 1 0 0
275.027 2 8 2 8 5323 8124 1 1 0 0
275.09 2 8 2 8 5333 8134 1 1 0 0
275.168 2 8 2 8 5343 8144 1 1 0 0
275.231 2 8 2 8 5353 8154 1 1 0 0
275.309 2 8 2 8 5363 8164 1 1 0 0
275.387 2 8 2 8 5373 8174 1 1 0 0
275.449 2 8 2 8 5383 8184 1 1 0 0
275.527 2 8 2 8 5393 8194 1 1 0 0
275.59 2 8 2 8 5403 8204 1 1 0 0
275.668 2 8 2 8 5413 8214 1 1 0 0
275.73 2 8 2 8 5423 8224 1 1 0 0
275.809 2 8 2 8 5433 8234 1 1 0 0
275.887 2 8 2 8 5443 8244 1 1 0 0
275.949 2 8 2 8 5453 8254 1 1 0 0
276.027 2 8 2 8 5463 8264 1 1 0 0
276.09 2 8 2 8 5473 8274 1 1 0 0
276.168 2 8 2 8 5483 8284 1 1 0 0
276.23 2 8 2 8 5493 8294 1 1 0 0
276.308 2 8 2 8 5503 8304 1 1 0 0
276.387 2 8 2 8 5513 8314 1 1 0 0
276.449 2 8 2 8 5523 8324 1 1 0 0
276.527 2 8 2 8 5533 8334 1 1 0 0
276.59 2 8 2 8 5543 8344 1 1 0 0
276.668 2 8 2 8 5553 8354 1 1 0 0
276.73 2 8 2 8 5563 8364 1 1 0 0
276.808 2 8 2 8 5573 8374 1 1 0 0
276.886 2 8 2 8 5583 8384 1 1 0 0
276.949 2 8 2 8 5593 8394 1 1 0 0
277.027 2 8 2 8 5603 8404 1 1 0 0
277.09 2 8 2 8 5613 8414 1 1 0 0
277.168 2 8 2 8 5623 8424 1 1 0 0
277.23 2 8 2 8 5633 8434 1 1 0 0
277.308 2 8 2 8 5643 8444 1 1 0 0
277.386 2 8 2 8 5653 8454 1 1 0 0
277.449 2 8 2 8 5663 8464 1 1 0 0
277.527 2 8 2 8 5673 8474 1 1 0 0
277.589 2 8 2 8 5683 8484 1 1 0 0
277.668 2 8 2 8 5693 8494 1 1 0 0
277.73 2 2 2 2 5697 8498 1 1 0 0
304.817 2 8 2 8 5707 8508 1 1 0 0
304.88 2 8 2 8 5717 8518 1 1 0 0
304.958 2 8 2 8 5727 8528 1 1 0 0
305.036 2 8 2 8 5737 8538 1 1 0 0
305.099 2 8 2 8 5747 8548 1 1 0 0
305.177 2 8 2 8 5757 8558 1 1 0 0
305.239 2 8 2 8 5767 8568 1 1 0 0
305.317 2 8 2 8 5777 8578 1 1 0 0
305.395 2 8 2 8 5787 8588 1 1 0 0
305.458 2 8 2 8 5797 8598 1 1 0 0
305.536 2 8 2 8 5807 8608 1 1 0 0
305.598 2 8 2 8 5817 8618 1 1 0 0
305.677 2 8 2 8 5827 8628 1 1 0 0
305.739 2 8 2 8 5837 8638 1 1 0 0
305.817 2 8 2 8 5847 8648 1 1 0 0
305.895 2 8 2 8 5857 8658 1 1 0 0
305.958 2 8 2 8 5867 8668 1 1 0 0
306.036 2 8 2 8 5877 8678 1 1 0 0
306.098 2 8 2 8 5887 8688 1 1 0 0
306.176 2 8 2 8 5897 8698 1 1 0 0
306.239 2 8 2 8 5907 8708 1 1 0 0
306.317 2 8 2 8 5917 8718 1 1 0 0
306.395 2 8 2 8 5927 8728 1 1 0 0
306.458 2 8 2 8 5937 8738 1 1 0 0
306.536 2 8 2 8 5947 8748 1 1 0 0
306.598 2 8 2 8 5957 8758 1 1 0 0
306.676 2 8 2 8 5967 8768 1 1 0 0
306.739 2 8 2 8 5977 8778 1 1 0 0
306.817 2 8 2 8 5987 8788 1 1 0 0
306.895 2 8 2 8 5997 8798 1 1 0 0
306.957 2 8 2 8 6007 8808 1 1 0 0
307.036 2 8 2 8 6017 8818 1 1 0 0
307.098 2 8 2 8 6027 8828 1 1 0 0
307.176 2 8 2 8 6037 8838 1 1 0 0
307.239 2 8 2 8 6047 8848 1 1 0 0
307.317 2 8 2 8 6057 8858 1 1 0 0
307.395 2 8 2 8 6067 8868 1 1 0 0
307.457 2 8 2 8 6077 8878 1 1 0 0
307.535 2 8 2 8 6087 8888 1 1 0 0
307.598 2 8 2 8 6097 8898 1 1 0 0
307.676 2 8 2 8 6107 8908 1 1 0 0
307.739 2 8 2 8 6117 8918 1 1 0 0
307.817 2 8 2 8 6127 8928 1 1 0 0
307.895 2 8 2 8 6137 8938 1 1 0 0
307.957 2 8 2 8 6147 8948 1 1 0 0
308.035 2 8 2 8 6157 8958 1 1 0 0
308.098 2 8 2 8 6167 8968 1 1 0 0
308.176 2 8 2 8 6177 8978 1 1 0 0
308.238 2 8 2 8 6187 8988 1 1 0 0
308.317 2 8 2 8 6197 8998 1 1 0 0
308.395 2 8 2 8 6207 9008 1 1 0 0
308.457 2 8 2 8 6217 9018 1 1 0 0
308.535 2 8 2 8 6227 9028 1 1 0 0
308.598 2 8 2 8 6237 9038 1 1 0 0
308.676 2 8 2 8 6247 9048 1 1 0 0
308.738 2 8 2 8 6257 9058 1 1 0 0
308.816 2 8 2 8 6267 9068 1 1 0 0
308.895 2 8 2 8 6277 9078 1 1 0 0
308.957 2 8 2 8 6287 9088 1 1 0 0
309.035 2 8 2 8 6297 9098 1 1 0 0
309.098 2 8 2 8 6307 9108 1 1 0 0
309.176 2 8 2 8 6317 9118 1 1 0 0
309.238 2 8 2 8 6327 9128 1 1 0 0
309.316 2 8 2 8 6337 9138 1 1 0 0
309.394 2 8 2 8 6347 9148 1 1 0 0
309.457 2 8 2 8 6357 9158 1 1 0 0
309.535 2 8 2 8 6367 9168 1 1 0 0
309.597 2 8 2 8 6377 9178 1 1 0 0
309.676 2 8 2 8 6387 9188 1 1 0 0
309.738 2 8 2 8 6397 9198 1 1 0 0
309.816 2 8 2 8 6407 9208 1 1 0 0
309.894 2 8 2 8 6417 9218 1 1 0 0
309.957 2 8 2 8 6427 9228 1 1 0 0
310.035 2 8 2 8 6437 9238 1 1 0 0
310.097 2 8 2 8 6447 9248 1 1 0 0
310.175 2 8 2 8 6457 9258 1 1 0 0
310.238 2 8 2 8 6467 9268 1 1 0 0
310.316 2 8 2 8 6477 9278 1 1 0 0
310.394 2 8 2 8 6487 9288 1 1 0 0
310.457 2 8 2 8 6497 9298 1 1 0 0
310.535 2 8 2 8 6507 9308 1 1 0 0
310.597 2 8 2 8 6517 9318 1 1 0 0
310.675 2 8 2 8 6527 9328 1 1 0 0
310.738 2 8 2 8 6537 9338 1 1 0 0
310.816 2 8 2 8 6547 9348 1 1 0 0
310.894 2 8 2 8 6557 9358 1 1 0 0
310.957 2 8 2 8 6567 9368 1 1 0 0
311.035 2 8 2 8 6577 9378 1 1 0 0
311.097 2 8 2 8 6587 9388 1 1 0 0
311.175 2 8 2 8 6597 9398 1 1 0 0
311.238 2 8 2 8 6607 9408 1 1 0 0
311.316 2 8 2 8 6617 9418 1 1 0 0
311.394 2 8 2 8 6627 9428 1 1 0 0
311.456 2 8 2 8 6637 9438 1 1 0 0
311.535 2 8 2 8 6647 9448 1 1 0 0
311.597 2 8 2 8 6657 9458 1 1 0 0
311.675 2 8 2 8 6667 9468 1 1 0 0
311.738 2 8 2 8 6677 9478 1 1 0 0
311.816 2 8 2 8 6687 9488 1 1 0 0
311.894 2 8 2 8 6697 9498 1 1 0 0
311.956 2 8 2 8 6707 9508 1 1 0 0
312.034 2 8 2 8 6717 9518 1 1 0 0
312.097 2 8 2 8 6727 9528 1 1 0 0
312.175 2 8 2 8 6737 9538 1 1 0 0
312.237 2 8 2 8 6747 9548 1 1 0 0
312.316 2 8 2 8 6757 9558 1 1 0 0
312.394 2 8 2 8 6767 9568 1 1 0 0
312.456 2 8 2 8 6777 9578 1 1 0 0
312.534 2 8 2 8 6787 9588 1 1 0 0
312.597 2 8 2 8 6797 9598 1 1 0 0
312.675 2 8 2 8 6807 9608 1 1 0 0
312.737 2 8 2 8 6817 9618 1 1 0 0
312.815 2 8 2 8 6827 9628 1 1 0 0
312.894 2 8 2 8 6837 9638 1 1 0 0
312.956 2 8 2 8 6847 9648 1 1 0 0
313.034 2 8 2 8 6857 9658 1 1 0 0
313.097 2 8 2 8 6867 9668 1 1 0 0
313.175 2 8 2 8 6877 9678 1 1 0 0
313.237 2 8 2 8 6887 9688 1 1 0 0
313.315 2 8 2 8 6897 9698 1 1 0 0
313.393 2 8 2 8 6907 9708 1 1 0 0
313.456 2 8 2 8 6917 9718 1 1 0 0
313.534 2 8 2 8 6927 9728 1 1 0 0
313.597 2 8 2 8 6937 9738 1 1 0 0
313.675 2 8 2 8 6947 9748 1 1 0 0
313.737 2 8 2 8 6957 9758 1 1 0 0
313.815 2 8 2 8 6967 9768 1 1 0 0
313.893 2 8 2 8 6977 9778 1 1 0 0
313.956 2 8 2 8 6987 9788 1 1 0 0
314.034 2 8 2 8 6997 9798 1 1 0 0
314.096 2 8 2 8 7007 9808 1 1 0 0
314.175 2 8 2 8 7017 9818 1 1 0 0
314.237 2 8 2 8 7027 9828 1 1 0 0
314.315 2 8 2 8 7037 9838 1 1 0 0
314.393 2 8 2 8 7047 9848 1 1 0 0
314.456 2 8 2 8 7057 9858 1 1 0 0
314.534 2 8 2 8 7067 9868 1 1 0 0
314.596 2 8 2 8 7077 9878 1 1 0 0
314.674 2 8 2 8 7087 9888 1 1 0 0
314.737 2 8 2 8 7097 9898 1 1 0 0
314.815 2 8 2 8 7107 9908 1 1 0 0
314.893 2 8 2 8 7117 9918 1 1 0 0
314.956 2 8 2 8 7127 9928 1 1 0 0
315.034 2 8 2 8 7137 9938 1 1 0 0
315.096 2 8 2 8 7147 9948 1 1 0 0
315.174 2 8 2 8 7157 9958 1 1 0 0
315.237 2 8 2 8 7167 9968 1 1 0 0
315.315 2 8 2 8 7177 9978 1 1 0 0
315.393 2 8 2 8 7187 9988 1 1 0 0
315.455 2 8 2 8 7197 9998 1 1 0 0
315.534 2 8 2 8 7207 10008 1 1 0 0
315.596 2 8 2 8 7217 10018 1 1 0 0
315.674 2 8 2 8 7227 10028 1 1 0 0
315.737 2 8 2 8 7237 10038 1 1 0 0
315.815 2 8 2 8 7247 10048 1 1 0 0
315.893 2 8 2 8 7257 10058 1 1 0 0
315.955 2 8 2 8 7267 10068 1 1 0 0
316.033 2 8 2 8 7277 10078 1 1 0 0
316.096 2 8 2 8 7287 10088 1 1 0 0
316.174 2 8 2 8 7297 10098 1 1 0 0
316.252 2 8 2 8 7307 10108 1 1 0 0
316.315 2 8 2 8 7317 10118 1 1 0 0
316.393 2 8 2 8 7327 10128 1 1 0 0
316.455 2 8 2 8 7337 10138 1 1 0 0
316.533 2 8 2 8 7347 10148 1 1 0 0
316.596 2 8 2 8 7357 10158 1 1 0 0
316.674 2 8 2 8 7367 10168 1 1 0 0
316.752 2 8 2 8 7377 10178 1 1 0 0
316.815 2 8 2 8 7387 10188 1 1 0 0
316.893 2 8 2 8 7397 10198 1 1 0 0
316.955 2 8 2 8 7407 10208 1 1 0 0
317.033 2 8 2 8 7417 10218 1 1 0 0
317.096 2 8 2 8 7427 10228 1 1 0 0
317.174 2 8 2 8 7437 10238 1 1 0 0
317.252 2 8 2 8 7447 10248 1 1 0 0
317.314 2 8 2 8 7457 10258 1 1 0 0
317.393 2 8 2 8 7467 10268 1 1 0 0
317.455 2 8 2 8 7477 10278 1 1 0 0
317.533 2 8 2 8 7487 10288 1 1 0 0
317.596 2 8 2 8 7497 10298 1 1 0 0
317.674 2 8 2 8 7507 10308 1 1 0 0
317.752 2 8 2 8 7517 10318 1 1 0 0
317.814 2 8 2 8 7527 10328 1 1 0 0
317.892 2 8 2 8 7537 10338 1 1 0 0
317.955 2 8 2 8 7547 10348 1 1 0 0
318.033 2 8 2 8 7557 10358 1 1 0 0
318.095 2 8 2 8 7567 10368 1 1 0 0
318.174 2 8 2 8 7577 10378 1 1 0 0
318.252 2 8 2 8 7587 10388 1 1 0 0
318.314 2 8 2 8 7597 10398 1 1 0 0
318.392 2 8 2 8 7607 10408 1 1 0 0
318.455 2 8 2 8 7617 10418 1 1 0 0
318.533 2 8 2 8 7627 10428 1 1 0 0
318.595 2 8 2 8 7637 10438 1 1 0 0
318.673 2 8 2 8 7647 10448 1 1 0 0
318.752 2 8 2 8 7657 10458 1 1 0 0
318.814 2 8 2 8 7667 10468 1 1 0 0
318.892 2 8 2 8 7677 10478 1 1 0 0
318.955 2 8 2 8 7687 10488 1 1 0 0
319.033 2 8 2 8 7697 10498 1 1 0 0
319.095 2 8 2 8 7707 10508 1 1 0 0
319.173 2 8 2 8 7717 10518 1 1 0 0
319.252 2 8 2 8 7727 10528 1 1 0 0
319.314 2 8 2 8 7737 10538 1 1 0 0
319.392 2 8 2 8 7747 10548 1 1 0 0
319.455 2 8 2 8 7757 10558 1 1 0 0
319.533 2 8 2 8 7767 10568 1 1 0 0
319.595 2 8 2 8 7777 10578 1 1 0 0
319.673 2 8 2 8 7787 10588 1 1 0 0
319.751 2 8 2 8 7797 10598 1 1 0 0
319.814 2 8 2 8 7807 10608 1 1 0 0
319.892 2 8 2 8 7817 10618 1 1 0 0
319.954 2 8 2 8 7827 10628 1 1 0 0
320.033 2 8 2 8 7837 10638 1 1 0 0
320.095 2 8 2 8 7847 10648 1 1 0 0
320.173 2 8 2 8 7857 10658 1 1 0 0
320.251 2 8 2 8 7867 10668 1 1 0 0
320.314 2 5 2 5 7874 10675 1 1 0 0
333.186 1 1 1 1 7881 10682 1 1 0 0
334.076 1 1 1 1 7889 10690 1 1 0 0
334.888 1 1 1 1 7896 10697 1 1 0 0
335.185 1 1 1 1 7900 10701 1 1 0 0
335.982 1 1 1 1 7905 10706 1 1 0 0
336.591 1 1 1 1 7910 10711 1 1 0 0
338.278 1 1 1 1 7917 10718 1 1 0 0
339.887 1 1 1 1 7920 10721 1 1 0 0
346.479 1 7 1 7 7934 10735 1 1 0 0
346.558 2 8 2 8 7944 10745 1 1 0 0
346.636 2 8 2 8 7954 10755 1 1 0 0
346.698 2 8 2 8 7964 10765 1 1 0 0
346.776 2 8 2 8 7974 10775 1 1 0 0
346.839 2 8 2 8 7984 10785 1 1 0 0
346.917 2 8 2 8 7994 10795 1 1 0 0
346.995 2 8 2 8 8004 10805 1 1 0 0
347.057 2 8 2 8 8014 10815 1 1 0 0
347.136 2 8 2 8 8024 10825 1 1 0 0
347.198 2 8 2 8 8034 10835 1 1 0 0
347.276 2 8 2 8 8044 10845 1 1 0 0
347.339 2 8 2 8 8054 10855 1 1 0 0
347.417 2 8 2 8 8064 10865 1 1 0 0
347.495 2 8 2 8 8074 10875 1 1 0 0
347.557 2 8 2 8 8084 10885 1 1 0 0
347.635 2 8 2 8 8094 10895 1 1 0 0
347.698 2 8 2 8 8104 10905 1 1 0 0
347.776 2 8 2 8 8114 10915 1 1 0 0
347.839 2 8 2 8 8124 10925 1 1 0 0
347.917 2 8 2 8 8134 10935 1 1 0 0
347.995 2 8 2 8 8144 10945 1 1 0 0
348.057 2 8 2 8 8154 10955 1 1 0 0
348.135 2 8 2 8 8164 10965 1 1 0 0
348.198 2 8 2 8 8174 10975 1 1 0 0
348.276 2 8 2 8 8184 10985 1 1 0 0
348.338 2 8 2 8 8194 10995 1 1 0 0
348.416 2 8 2 8 8204 11005 1 1 0 0
348.495 2 8 2 8 8214 11015 1 1 0 0
348.557 2 8 2 8 8224 11025 1 1 0 0
348.635 2 8 2 8 8234 11035 1 1 0 0
348.698 2 8 2 8 8244 11045 1 1 0 0
348.776 2 8 2 8 8254 11055 1 1 0 0
348.838 2 8 2 8 8264 11065 1 1 0 0
348.916 2 8 2 8 8274 11075 1 1 0 0
348.994 2 8 2 8 8284 11085 1 1 0 0
349.057 2 8 2 8 8294 11095 1 1 0 0
349.135 2 8 2 8 8304 11105 1 1 0 0
349.198 2 8 2 8 8314 11115 1 1 0 0
349.276 2 8 2 8 8324 11125 1 1 0 0
349.338 2 8 2 8 8334 11135 1 1 0 0
349.416 2 8 2 8 8344 11145 1 1 0 0
349.494 2 8 2 8 8354 11155 1 1 0 0
349.557 2 8 2 8 8364 11165 1 1 0 0
349.635 2 8 2 8 8374 11175 1 1 0 0
349.697 2 8 2 8 8384 11185 1 1 0 0
349.776 2 8 2 8 8394 11195 1 1 0 0
349.838 2 8 2 8 8404 11205 1 1 0 0
349.916 2 8 2 8 8414 11215 1 1 0 0
349.994 2 8 2 8 8424 11225 1 1 0 0
350.057 2 8 2 8 8434 11235 1 1 0 0
350.135 2 8 2 8 8444 11245 1 1 0 0
350.197 2 8 2 8 8454 11255 1 1 0 0
350.275 2 8 2 8 8464 11265 1 1 0 0
350.338 2 8 2 8 8474 11275 1 1 0 0
350.416 2 8 2 8 8484 11285 1 1 0 0
350.494 2 8 2 8 8494 11295 1 1 0 0
350.557 2 8 2 8 8504 11305 1 1 0 0
350.635 2 8 2 8 8514 11315 1 1 0 0
350.697 2 8 2 8 8524 11325 1 1 0 0
350.775 2 8 2 8 8534 11335 1 1 0 0
350.838 2 8 2 8 8544 11345 1 1 0 0
350.916 2 8 2 8 8554 11355 1 1 0 0
350.994 2 8 2 8 8564 11365 1 1 0 0
351.056 2 8 2 8 8574 11375 1 1 0 0
351.135 2 8 2 8 8584 11385 1 1 0 0
351.197 2 8 2 8 8594 11395 1 1 0 0
351.275 2 8 2 8 8604 11405 1 1 0 0
351.338 2 8 2 8 8614 11415 1 1 0 0
351.416 2 8 2 8 8624 11425 1 1 0 0
351.494 2 8 2 8 8634 11435 1 1 0 0
351.556 2 8 2 8 8644 11445 1 1 0 0
351.634 2 8 2 8 8654 11455 1 1 0 0
351.697 2 8 2 8 8664 11465 1 1 0 0
351.775 2 8 2 8 8674 11475 1 1 0 0
351.838 2 8 2 8 8684 11485 1 1 0 0
351.916 2 8 2 8 8694 11495 1 1 0 0
351.994 2 8 2 8 8704 11505 1 1 0 0
352.056 2 8 2 8 8714 11515 1 1 0 0
352.134 2 8 2 8 8724 11525 1 1 0 0
352.197 2 8 2 8 8734 11535 1 1 0 0
352.275 2 8 2 8 8744 11545 1 1 0 0
352.337 2 8 2 8 8754 11555 1 1 0 0
352.416 2 8 2 8 8764 11565 1 1 0 0
352.494 2 8 2 8 8774 11575 1 1 0 0
352.556 2 8 2 8 8784 11585 1 1 0 0
352.634 2 8 2 8 8794 11595 1 1 0 0
352.697 2 8 2 8 8804 11605 1 1 0 0
352.775 2 8 2 8 8814 11615 1 1 0 0
352.837 2 8 2 8 8824 11625 1 1 0 0
352.915 2 8 2 8 8834 11635 1 1 0 0
352.994 2 8 2 8 8844 11645 1 1 0 0
353.056 2 8 2 8 8854 11655 1 1 0 0
353.134 2 8 2 8 8864 11665 1 1 0 0
353.197 2 8 2 8 8874 11675 1 1 0 0
353.275 2 8 2 8 8884 11685 1 1 0 0
353.337 2 8 2 8 8894 11695 1 1 0 0
353.415 2 8 2 8 8904 11705 1 1 0 0
353.493 2 8 2 8 8914 11715 1 1 0 0
353.556 2 8 2 8 8924 11725 1 1 0 0
353.634 2 8 2 8 8934 11735 1 1 0 0
353.696 2 8 2 8 8944 11745 1 1 0 0
353.775 2 8 2 8 8954 11755 1 1 0 0
353.837 2 8 2 8 8964 11765 1 1 0 0
353.915 2 8 2 8 8974 11775 1 1 0 0
353.993 2 8 2 8 8984 11785 1 1 0 0
354.056 2 8 2 8 8994 11795 1 1 0 0
354.134 2 8 2 8 9004 11805 1 1 0 0
354.196 2 8 2 8 9014 11815 1 1 0 0
354.274 2 8 2 8 9024 11825 1 1 0 0
354.337 2 8 2 8 9034 11835 1 1 0 0
354.415 2 8 2 8 9044 11845 1 1 0 0
354.493 2 8 2 8 9054 11855 1 1 0 0
354.556 2 8 2 8 9064 11865 1 1 0 0
354.634 2 8 2 8 9074 11875 1 1 0 0
354.696 2 8 2 8 9084 11885 1 1 0 0
354.774 2 8 2 8 9094 11895 1 1 0 0
354.837 2 8 2 8 9104 11905 1 1 0 0
354.915 2 8 2 8 9114 11915 1 1 0 0
354.993 2 8 2 8 9124 11925 1 1 0 0
355.056 2 8 2 8 9134 11935 1 1 0 0
355.134 2 8 2 8 9144 11945 1 1 0 0
355.196 2 8 2 8 9154 11955 1 1 0 0
355.274 2 8 2 8 9164 11965 1 1 0 0
355.337 2 8 2 8 9174 11975 1 1 0 0
355.415 2 8 2 8 9184 11985 1 1 0 0
355.493 2 8 2 8 9194 11995 1 1 0 0
355.555 2 8 2 8 9204 12005 1 1 0 0
355.634 2 8 2 8 9214 12015 1 1 0 0
355.696 2 8 2 8 9224 12025 1 1 0 0
355.774 2 8 2 8 9234 12035 1 1 0 0
355.837 2 8 2 8 9244 12045 1 1 0 0
355.915 2 8 2 8 9254 12055 1 1 0 0
355.993 2 8 2 8 9264 12065 1 1 0 0
356.055 2 8 2 8 9274 12075 1 1 0 0
356.133 2 8 2 8 9284 12085 1 1 0 0
356.196 2 8 2 8 9294 12095 1 1 0 0
356.274 2 8 2 8 9304 12105 1 1 0 0
356.336 2 8 2 8 9314 12115 1 1 0 0
356.415 2 8 2 8 9324 12125 1 1 0 0
356.493 2 8 2 8 9334 12135 1 1 0 0
356.555 2 8 2 8 9344 12145 1 1 0 0
356.633 2 8 2 8 9354 12155 1 1 0 0
356.696 2 8 2 8 9364 12165 1 1 0 0
356.774 2 8 2 8 9374 12175 1 1 0 0
356.852 2 8 2 8 9384 12185 1 1 0 0
356.915 2 8 2 8 9394 12195 1 1 0 0
356.993 2 8 2 8 9404 12205 1 1 0 0
357.055 2 8 2 8 9414 12215 1 1 0 0
357.133 2 8 2 8 9424 12225 1 1 0 0
357.196 2 8 2 8 9434 12235 1 1 0 0
357.274 2 8 2 8 9444 12245 1 1 0 0
357.352 2 8 2 8 9454 12255 1 1 0 0
357.414 2 8 2 8 9464 12265 1 1 0 0
357.492 2 8 2 8 9474 12275 1 1 0 0
357.555 2 8 2 8 9484 12285 1 1 0 0
357.633 2 8 2 8 9494 12295 1 1 0 0
357.696 2 8 2 8 9504 12305 1 1 0 0
357.774 2 8 2 8 9514 12315 1 1 0 0
357.852 2 8 2 8 9524 12325 1 1 0 0
357.914 2 8 2 8 9534 12335 1 1 0 0
357.992 2 8 2 8 9544 12345 1 1 0 0
358.055 2 8 2 8 9554 12355 1 1 0 0
358.133 2 8 2 8 9564 12365 1 1 0 0
358.195 2 8 2 8 9574 12375 1 1 0 0
358.274 2 8 2 8 9584 12385 1 1 0 0
358.352 2 8 2 8 9594 12395 1 1 0 0
358.414 2 8 2 8 9604 12405 1 1 0 0
358.492 2 8 2 8 9614 12415 1 1 0 0
358.555 2 8 2 8 9624 12425 1 1 0 0
358.633 2 8 2 8 9634 12435 1 1 0 0
358.695 2 8 2 8 9644 12445 1 1 0 0
358.773 2 8 2 8 9654 12455 1 1 0 0
358.852 2 8 2 8 9664 12465 1 1 0 0
358.914 2 8 2 8 9674 12475 1 1 0 0
358.992 2 8 2 8 9684 12485 1 1 0 0
359.055 2 8 2 8 9694 12495 1 1 0 0
