141.364 1 8 1 8 32 25571 1 1 0 0
141.427 2 8 2 8 42 25581 1 1 0 0
141.505 2 8 2 8 52 25591 1 1 0 0
141.583 2 8 2 8 62 25601 1 1 0 0
141.646 2 8 2 8 72 25611 1 1 0 0
141.724 2 8 2 8 82 25621 1 1 0 0
141.786 2 8 2 8 92 25631 1 1 0 0
141.864 2 8 2 8 102 25641 1 1 0 0
141.927 2 8 2 8 112 25651 1 1 0 0
142.005 2 8 2 8 122 25661 1 1 0 0
142.083 2 8 2 8 132 25671 1 1 0 0
142.145 2 8 2 8 142 25681 1 1 0 0
142.224 2 8 2 8 152 25691 1 1 0 0
142.286 2 8 2 8 162 25701 1 1 0 0
142.364 2 8 2 8 172 25711 1 1 0 0
142.427 2 8 2 8 182 25721 1 1 0 0
142.505 2 8 2 8 192 25731 1 1 0 0
142.583 2 8 2 8 202 25741 1 1 0 0
142.645 2 8 2 8 212 25751 1 1 0 0
142.723 2 8 2 8 222 25761 1 1 0 0
142.786 2 8 2 8 232 25771 1 1 0 0
142.864 2 8 2 8 242 25781 1 1 0 0
142.927 2 8 2 8 252 25791 1 1 0 0
143.005 2 8 2 8 262 25801 1 1 0 0
143.083 2 8 2 8 272 25811 1 1 0 0
143.145 2 8 2 8 282 25821 1 1 0 0
143.223 2 8 2 8 292 25831 1 1 0 0
143.286 2 8 2 8 302 25841 1 1 0 0
143.364 2 8 2 8 312 25851 1 1 0 0
143.426 2 8 2 8 322 25861 1 1 0 0
143.505 2 8 2 8 332 25871 1 1 0 0
143.583 2 8 2 8 342 25881 1 1 0 0
143.645 2 8 2 8 352 25891 1 1 0 0
143.723 2 8 2 8 362 25901 1 1 0 0
143.786 2 8 2 8 372 25911 1 1 0 0
143.864 2 8 2 8 382 25921 1 1 0 0
143.926 2 8 2 8 392 25931 1 1 0 0
144.004 2 8 2 8 402 25941 1 1 0 0
144.082 2 8 2 8 412 25951 1 1 0 0
144.145 2 8 2 8 422 25961 1 1 0 0
144.223 2 8 2 8 432 25971 1 1 0 0
144.286 2 8 2 8 442 25981 1 1 0 0
144.364 2 8 2 8 452 25991 1 1 0 0
144.426 2 8 2 8 462 26001 1 1 0 0
144.504 2 8 2 8 472 26011 1 1 0 0
144.582 2 8 2 8 482 26021 1 1 0 0
144.645 2 8 2 8 492 26031 1 1 0 0
144.723 2 8 2 8 502 26041 1 1 0 0
144.785 2 8 2 8 512 26051 1 1 0 0
144.864 2 8 2 8 522 26061 1 1 0 0
144.926 2 8 2 8 532 26071 1 1 0 0
145.004 2 8 2 8 542 26081 1 1 0 0
145.082 2 8 2 8 552 26091 1 1 0 0
145.145 2 8 2 8 562 26101 1 1 0 0
145.223 2 8 2 8 572 26111 1 1 0 0
145.285 2 8 2 8 582 26121 1 1 0 0
145.363 2 8 2 8 592 26131 1 1 0 0
145.426 2 8 2 8 602 26141 1 1 0 0
145.504 2 8 2 8 612 26151 1 1 0 0
145.582 2 8 2 8 622 26161 1 1 0 0
145.645 2 8 2 8 632 26171 1 1 0 0
145.723 2 8 2 8 642 26181 1 1 0 0
145.785 2 8 2 8 652 26191 1 1 0 0
145.863 2 8 2 8 662 26201 1 1 0 0
145.926 2 8 2 8 672 26211 1 1 0 0
146.004 2 8 2 8 682 26221 1 1 0 0
146.082 2 8 2 8 692 26231 1 1 0 0
146.144 2 8 2 8 702 26241 1 1 0 0
146.223 2 8 2 8 712 26251 1 1 0 0
146.285 2 8 2 8 722 26261 1 1 0 0
146.363 2 8 2 8 732 26271 1 1 0 0
146.426 2 8 2 8 742 26281 1 1 0 0
146.504 2 8 2 8 752 26291 1 1 0 0
146.582 2 8 2 8 762 26301 1 1 0 0
146.644 2 8 2 8 772 26311 1 1 0 0
146.722 2 8 2 8 782 26321 1 1 0 0
146.816 2 7 2 7 791 26330 1 1 0 0
146.894 2 8 2 8 801 26340 1 1 0 0
146.957 2 8 2 8 811 26350 1 1 0 0
147.035 2 8 2 8 821 26360 1 1 0 0
147.097 2 8 2 8 831 26370 1 1 0 0
147.176 2 8 2 8 841 26380 1 1 0 0
147.254 2 6 2 6 849 26388 1 1 0 0
147.316 2 7 2 7 858 26397 1 1 0 0
147.394 2 7 2 7 867 26406 1 1 0 0
147.457 2 8 2 8 877 26416 1 1 0 0
147.535 2 8 2 8 887 26426 1 1 0 0
147.597 2 8 2 8 897 26436 1 1 0 0
147.675 2 8 2 8 907 26446 1 1 0 0
147.753 2 8 2 8 917 26456 1 1 0 0
147.816 2 8 2 8 927 26466 1 1 0 0
147.894 2 8 2 8 937 26476 1 1 0 0
147.957 2 8 2 8 947 26486 1 1 0 0
148.035 2 8 2 8 957 26496 1 1 0 0
148.097 2 8 2 8 967 26506 1 1 0 0
148.175 2 8 2 8 977 26516 1 1 0 0
148.253 2 8 2 8 987 26526 1 1 0 0
148.316 2 8 2 8 997 26536 1 1 0 0
148.394 2 8 2 8 1007 26546 1 1 0 0
148.456 2 8 2 8 1017 26556 1 1 0 0
148.535 2 8 2 8 1027 26566 1 1 0 0
148.597 2 8 2 8 1037 26576 1 1 0 0
148.675 2 8 2 8 1047 26586 1 1 0 0
148.753 2 8 2 8 1057 26596 1 1 0 0
148.816 2 8 2 8 1067 26606 1 1 0 0
148.894 2 8 2 8 1077 26616 1 1 0 0
148.956 2 8 2 8 1087 26626 1 1 0 0
149.034 2 8 2 8 1097 26636 1 1 0 0
149.097 2 8 2 8 1107 26646 1 1 0 0
149.175 2 8 2 8 1117 26656 1 1 0 0
149.253 2 8 2 8 1127 26666 1 1 0 0
149.316 2 8 2 8 1137 26676 1 1 0 0
149.394 2 8 2 8 1147 26686 1 1 0 0
149.456 2 8 2 8 1157 26696 1 1 0 0
149.534 2 8 2 8 1167 26706 1 1 0 0
149.597 2 8 2 8 1177 26716 1 1 0 0
149.675 2 8 2 8 1187 26726 1 1 0 0
149.753 2 8 2 8 1197 26736 1 1 0 0
149.816 2 8 2 8 1207 26746 1 1 0 0
149.894 2 8 2 8 1217 26756 1 1 0 0
149.956 2 8 2 8 1227 26766 1 1 0 0
150.034 2 8 2 8 1237 26776 1 1 0 0
150.097 2 8 2 8 1247 26786 1 1 0 0
150.175 2 8 2 8 1257 26796 1 1 0 0
150.253 2 8 2 8 1267 26806 1 1 0 0
150.315 2 8 2 8 1277 26816 1 1 0 0
150.393 2 8 2 8 1287 26826 1 1 0 0
150.456 2 8 2 8 1297 26836 1 1 0 0
150.534 2 8 2 8 1307 26846 1 1 0 0
150.597 2 8 2 8 1317 26856 1 1 0 0
150.675 2 8 2 8 1327 26866 1 1 0 0
150.753 2 8 2 8 1337 26876 1 1 0 0
150.815 2 8 2 8 1347 26886 1 1 0 0
150.893 2 8 2 8 1357 26896 1 1 0 0
150.956 2 8 2 8 1367 26906 1 1 0 0
151.034 2 8 2 8 1377 26916 1 1 0 0
151.096 2 8 2 8 1387 26926 1 1 0 0
151.175 2 8 2 8 1397 26936 1 1 0 0
151.253 2 8 2 8 1407 26946 1 1 0 0
151.315 2 8 2 8 1417 26956 1 1 0 0
151.393 2 8 2 8 1427 26966 1 1 0 0
151.456 2 8 2 8 1437 26976 1 1 0 0
151.534 2 8 2 8 1447 26986 1 1 0 0
151.596 2 8 2 8 1457 26996 1 1 0 0
151.674 2 8 2 8 1467 27006 1 1 0 0
151.753 2 8 2 8 1477 27016 1 1 0 0
151.815 2 8 2 8 1487 27026 1 1 0 0
151.893 2 8 2 8 1497 27036 1 1 0 0
151.956 2 8 2 8 1507 27046 1 1 0 0
152.034 2 8 2 8 1517 27056 1 1 0 0
152.112 2 8 2 8 1527 27066 1 1 0 0
152.174 2 8 2 8 1537 27076 1 1 0 0
152.252 2 8 2 8 1547 27086 1 1 0 0
152.315 2 8 2 8 1557 27096 1 1 0 0
152.393 2 8 2 8 1567 27106 1 1 0 0
152.456 2 8 2 8 1577 27116 1 1 0 0
152.534 2 8 2 8 1587 27126 1 1 0 0
152.612 2 8 2 8 1597 27136 1 1 0 0
152.674 2 8 2 8 1607 27146 1 1 0 0
152.752 2 8 2 8 1617 27156 1 1 0 0
152.815 2 8 2 8 1627 27166 1 1 0 0
152.893 2 8 2 8 1637 27176 1 1 0 0
152.955 2 8 2 8 1647 27186 1 1 0 0
153.035 2 8 2 8 1657 27196 1 1 0 0
153.098 2 8 2 8 1667 27206 1 1 0 0
153.176 2 8 2 8 1677 27216 1 1 0 0
153.254 2 8 2 8 1687 27226 1 1 0 0
153.316 2 8 2 8 1697 27236 1 1 0 0
153.394 2 8 2 8 1707 27246 1 1 0 0
153.457 2 8 2 8 1717 27256 1 1 0 0
153.535 2 8 2 8 1727 27266 1 1 0 0
153.598 2 8 2 8 1737 27276 1 1 0 0
153.676 2 8 2 8 1747 27286 1 1 0 0
153.754 2 8 2 8 1757 27296 1 1 0 0
153.816 2 8 2 8 1767 27306 1 1 0 0
153.894 2 8 2 8 1777 27316 1 1 0 0
153.957 2 8 2 8 1787 27326 1 1 0 0
154.035 2 8 2 8 1797 27336 1 1 0 0
154.097 2 8 2 8 1807 27346 1 1 0 0
154.176 2 8 2 8 1817 27356 1 1 0 0
154.254 2 8 2 8 1827 27366 1 1 0 0
154.316 2 8 2 8 1837 27376 1 1 0 0
154.394 2 8 2 8 1847 27386 1 1 0 0
154.457 2 8 2 8 1857 27396 1 1 0 0
154.535 2 8 2 8 1867 27406 1 1 0 0
154.597 2 8 2 8 1877 27416 1 1 0 0
154.675 2 8 2 8 1887 27426 1 1 0 0
154.754 2 8 2 8 1897 27436 1 1 0 0
154.816 2 8 2 8 1907 27446 1 1 0 0
154.894 2 8 2 8 1917 27456 1 1 0 0
154.957 2 8 2 8 1927 27466 1 1 0 0
155.035 2 8 2 8 1937 27476 1 1 0 0
155.097 2 8 2 8 1947 27486 1 1 0 0
155.175 2 8 2 8 1957 27496 1 1 0 0
155.253 2 8 2 8 1967 27506 1 1 0 0
155.316 2 8 2 8 1977 27516 1 1 0 0
155.394 2 8 2 8 1987 27526 1 1 0 0
155.456 2 8 2 8 1997 27536 1 1 0 0
155.535 2 8 2 8 2007 27546 1 1 0 0
155.597 2 8 2 8 2017 27556 1 1 0 0
155.675 2 8 2 8 2027 27566 1 1 0 0
155.753 2 8 2 8 2037 27576 1 1 0 0
155.816 2 8 2 8 2047 27586 1 1 0 0
155.894 2 8 2 8 2057 27596 1 1 0 0
155.956 2 8 2 8 2067 27606 1 1 0 0
156.034 2 8 2 8 2077 27616 1 1 0 0
156.097 2 8 2 8 2087 27626 1 1 0 0
156.175 2 8 2 8 2097 27636 1 1 0 0
156.253 2 8 2 8 2107 27646 1 1 0 0
156.316 2 8 2 8 2117 27656 1 1 0 0
156.394 2 8 2 8 2127 27666 1 1 0 0
156.456 2 8 2 8 2137 27676 1 1 0 0
156.534 2 8 2 8 2147 27686 1 1 0 0
156.597 2 8 2 8 2157 27696 1 1 0 0
156.675 2 8 2 8 2167 27706 1 1 0 0
156.753 2 8 2 8 2177 27716 1 1 0 0
156.816 2 8 2 8 2187 27726 1 1 0 0
156.894 2 8 2 8 2197 27736 1 1 0 0
156.956 2 8 2 8 2207 27746 1 1 0 0
157.034 2 8 2 8 2217 27756 1 1 0 0
157.097 2 8 2 8 2227 27766 1 1 0 0
157.175 2 8 2 8 2237 27776 1 1 0 0
157.253 2 8 2 8 2247 27786 1 1 0 0
157.315 2 8 2 8 2257 27796 1 1 0 0
157.394 2 8 2 8 2267 27806 1 1 0 0
157.456 2 8 2 8 2277 27816 1 1 0 0
157.534 2 8 2 8 2287 27826 1 1 0 0
157.597 2 8 2 8 2297 27836 1 1 0 0
157.675 2 8 2 8 2307 27846 1 1 0 0
157.753 2 8 2 8 2317 27856 1 1 0 0
157.815 2 8 2 8 2327 27866 1 1 0 0
157.893 2 8 2 8 2337 27876 1 1 0 0
157.956 2 8 2 8 2347 27886 1 1 0 0
158.034 2 8 2 8 2357 27896 1 1 0 0
158.096 2 8 2 8 2367 27906 1 1 0 0
158.175 2 8 2 8 2377 27916 1 1 0 0
158.253 2 8 2 8 2387 27926 1 1 0 0
158.315 2 8 2 8 2397 27936 1 1 0 0
158.393 2 8 2 8 2407 27946 1 1 0 0
158.456 2 8 2 8 2417 27956 1 1 0 0
158.534 2 8 2 8 2427 27966 1 1 0 0
158.596 2 8 2 8 2437 27976 1 1 0 0
158.674 2 8 2 8 2447 27986 1 1 0 0
158.753 2 8 2 8 2457 27996 1 1 0 0
158.815 2 8 2 8 2467 28006 1 1 0 0
158.893 2 8 2 8 2477 28016 1 1 0 0
158.956 2 8 2 8 2487 28026 1 1 0 0
159.034 2 8 2 8 2497 28036 1 1 0 0
159.096 2 8 2 8 2507 28046 1 1 0 0
159.174 2 8 2 8 2517 28056 1 1 0 0
159.252 2 8 2 8 2527 28066 1 1 0 0
159.315 2 8 2 8 2537 28076 1 1 0 0
159.393 2 8 2 8 2547 28086 1 1 0 0
159.456 2 8 2 8 2557 28096 1 1 0 0
159.534 2 8 2 8 2567 28106 1 1 0 0
159.612 2 8 2 8 2577 28116 1 1 0 0
159.674 2 8 2 8 2587 28126 1 1 0 0
159.752 2 8 2 8 2597 28136 1 1 0 0
159.815 2 8 2 8 2607 28146 1 1 0 0
159.893 2 8 2 8 2617 28156 1 1 0 0
159.955 2 8 2 8 2627 28166 1 1 0 0
160.034 2 8 2 8 2637 28176 1 1 0 0
160.112 2 8 2 8 2647 28186 1 1 0 0
160.174 2 8 2 8 2657 28196 1 1 0 0
160.252 2 8 2 8 2667 28206 1 1 0 0
160.315 2 8 2 8 2677 28216 1 1 0 0
160.393 2 8 2 8 2687 28226 1 1 0 0
160.455 2 8 2 8 2697 28236 1 1 0 0
160.533 2 8 2 8 2707 28246 1 1 0 0
160.612 2 8 2 8 2717 28256 1 1 0 0
160.674 2 8 2 8 2727 28266 1 1 0 0
160.752 2 8 2 8 2737 28276 1 1 0 0
160.815 2 8 2 8 2747 28286 1 1 0 0
160.893 2 8 2 8 2757 28296 1 1 0 0
160.955 2 8 2 8 2767 28306 1 1 0 0
161.033 2 8 2 8 2777 28316 1 1 0 0
161.111 2 8 2 8 2787 28326 1 1 0 0
161.174 2 8 2 8 2797 28336 1 1 0 0
161.252 2 8 2 8 2807 28346 1 1 0 0
161.314 2 8 2 8 2817 28356 1 1 0 0
161.393 2 8 2 8 2827 28366 1 1 0 0
161.455 2 8 2 8 2837 28376 1 1 0 0
161.533 2 8 2 8 2847 28386 1 1 0 0
161.611 2 8 2 8 2857 28396 1 1 0 0
161.674 2 8 2 8 2867 28406 1 1 0 0
161.752 2 8 2 8 2877 28416 1 1 0 0
161.814 2 8 2 8 2887 28426 1 1 0 0
161.892 2 8 2 8 2897 28436 1 1 0 0
161.955 2 8 2 8 2907 28446 1 1 0 0
162.033 2 8 2 8 2917 28456 1 1 0 0
162.111 2 8 2 8 2927 28466 1 1 0 0
162.174 2 8 2 8 2937 28476 1 1 0 0
162.252 2 8 2 8 2947 28486 1 1 0 0
162.314 2 8 2 8 2957 28496 1 1 0 0
162.392 2 8 2 8 2967 28506 1 1 0 0
162.455 2 8 2 8 2977 28516 1 1 0 0
162.533 2 1 2 1 2980 28519 1 1 0 0
163.408 1 1 1 1 2987 28526 1 1 0 0
163.705 1 1 1 1 2991 28530 1 1 0 0
164.501 1 1 1 1 3002 28541 1 1 0 0
165.11 1 1 1 1 3008 28547 1 1 0 0
165.61 1 1 1 1 3014 28553 1 1 0 0
166.298 1 1 1 1 3019 28558 1 1 0 0
166.907 1 1 1 1 3022 28561 1 1 0 0
167.204 1 1 1 0 3024 28563 1 1 0 0
194.498 1 15 1 15 3045 28584 1 1 0 0
194.576 3 20 3 20 3073 28612 1 1 0 0
194.654 2 13 2 13 3091 28630 1 1 0 0
194.716 5 22 5 22 3122 28661 1 1 0 0
194.794 3 19 3 19 3147 28686 1 1 0 0
194.857 4 15 4 15 3168 28707 1 1 0 0
194.935 4 12 4 12 3187 28726 1 1 0 0
194.997 3 17 3 17 3209 28748 1 1 0 0
195.076 4 17 4 17 3233 28772 1 1 0 0
195.154 4 15 4 15 3253 28792 1 1 0 0
195.232 3 13 3 13 3269 28808 1 1 0 0
195.31 2 15 2 15 3293 28832 1 1 0 0
195.372 4 14 4 14 3314 28853 1 1 0 0
195.45 3 20 3 20 3341 28880 1 1 0 0
195.513 2 14 2 14 3358 28897 1 1 0 0
195.591 3 14 3 14 3379 28918 1 1 0 0
195.669 2 15 2 15 3403 28942 1 1 0 0
195.747 4 16 4 16 3425 28964 1 1 0 0
195.81 3 12 3 11 3442 28981 1 1 0 0
195.903 2 16 2 16 3468 29007 1 1 0 0
195.966 4 20 4 20 3495 29034 1 1 0 0
196.06 3 17 3 17 3522 29061 1 1 0 0
196.138 3 15 3 15 3544 29083 1 1 0 0
196.2 4 14 4 14 3563 29102 1 1 0 0
196.278 3 16 3 16 3585 29124 1 1 0 0
196.341 2 14 2 14 3605 29144 1 1 0 0
196.419 4 15 4 15 3626 29165 1 1 0 0
196.497 3 13 3 13 3647 29186 1 1 0 0
196.575 3 17 3 17 3669 29208 1 1 0 0
196.653 3 18 3 18 3693 29232 1 1 0 0
196.716 3 19 3 19 3718 29257 1 1 0 0
196.794 4 13 4 13 3738 29277 1 1 0 0
196.872 3 15 3 15 3763 29302 1 1 0 0
196.934 2 18 2 18 3786 29325 1 1 0 0
197.013 4 21 4 21 3815 29354 1 1 0 0
197.075 4 17 4 17 3840 29379 1 1 0 0
197.153 2 18 2 18 3863 29402 1 1 0 0
197.231 4 16 4 16 3888 29427 1 1 0 0
197.309 2 18 2 18 3913 29452 1 1 0 0
197.388 2 16 2 16 3935 29474 1 1 0 0
197.45 4 19 4 19 3962 29501 1 1 0 0
197.528 5 15 5 15 3984 29523 1 1 0 0
197.591 3 13 3 13 4001 29540 1 1 0 0
197.669 3 16 3 16 4022 29561 1 1 0 0
197.731 5 11 5 11 4039 29578 1 1 0 0
197.825 3 13 3 13 4062 29601 1 1 0 0
197.903 3 13 3 13 4083 29622 1 1 0 0
197.981 3 15 3 15 4105 29644 1 1 0 0
198.044 3 19 3 19 4130 29669 1 1 0 0
198.122 3 13 3 13 4149 29688 1 1 0 0
198.184 3 18 3 18 4174 29713 1 1 0 0
198.262 4 13 4 13 4196 29735 1 1 0 0
198.325 2 17 2 17 4216 29755 1 1 0 0
198.403 3 21 3 21 4243 29782 1 1 0 0
198.481 2 11 2 11 4259 29798 1 1 0 0
198.559 3 14 3 14 4281 29820 1 1 0 0
198.622 4 12 4 12 4297 29836 1 1 0 0
198.7 3 17 3 17 4322 29861 1 1 0 0
198.762 4 16 4 16 4343 29882 1 1 0 0
198.84 3 13 3 13 4362 29901 1 1 0 0
198.918 2 14 2 14 4381 29920 1 1 0 0
198.996 3 14 3 14 4405 29944 1 1 0 0
199.059 2 11 2 11 4421 29960 1 1 0 0
199.153 2 10 2 10 4444 29983 1 1 0 0
199.231 4 15 4 15 4467 30006 1 1 0 0
199.295 2 16 2 16 4489 30028 1 1 0 0
199.373 4 13 4 13 4510 30049 1 1 0 0
199.436 3 17 3 17 4535 30074 1 1 0 0
199.514 4 14 4 13 4556 30095 1 1 0 0
199.592 4 19 4 19 4582 30121 1 1 0 0
199.654 3 17 3 17 4604 30143 1 1 0 0
199.732 4 18 4 18 4633 30172 1 1 0 0
199.811 2 15 2 15 4653 30192 1 1 0 0
199.889 3 18 3 18 4678 30217 1 1 0 0
199.951 2 15 2 15 4697 30236 1 1 0 0
200.029 4 10 4 10 4716 30255 1 1 0 0
200.107 2 13 2 13 4736 30275 1 1 0 0
200.17 5 19 5 19 4765 30304 1 1 0 0
200.248 5 18 5 18 4793 30332 1 1 0 0
200.326 4 12 4 12 4811 30350 1 1 0 0
200.404 2 14 2 14 4830 30369 1 1 0 0
200.467 3 13 3 13 4847 30386 1 1 0 0
200.545 4 13 4 13 4866 30405 1 1 0 0
200.607 2 17 2 17 4887 30426 1 1 0 0
200.685 4 16 4 16 4911 30450 1 1 0 0
200.748 4 15 4 15 4932 30471 1 1 0 0
200.826 3 17 3 17 4955 30494 1 1 0 0
200.904 4 10 4 10 4972 30511 1 1 0 0
200.967 3 19 3 19 4995 30534 1 1 0 0
201.045 5 15 5 15 5018 30557 1 1 0 0
201.107 4 12 4 12 5036 30575 1 1 0 0
201.185 5 13 5 13 5055 30594 1 1 0 0
201.248 2 16 2 16 5076 30615 1 1 0 0
201.326 3 13 3 13 5093 30632 1 1 0 0
201.404 4 17 4 17 5114 30653 1 1 0 0
201.466 2 12 2 12 5131 30670 1 1 0 0
201.545 2 15 2 15 5149 30688 1 1 0 0
201.607 2 17 2 17 5170 30709 1 1 0 0
201.685 4 15 4 15 5193 30732 1 1 0 0
201.763 4 17 4 17 5220 30759 1 1 0 0
201.841 4 15 4 15 5241 30780 1 1 0 0
201.904 3 14 3 14 5259 30798 1 1 0 0
201.982 3 12 3 12 5279 30818 1 1 0 0
202.06 3 14 3 14 5297 30836 1 1 0 0
202.122 4 18 4 18 5323 30862 1 1 0 0
202.201 5 19 5 19 5350 30889 1 1 0 0
202.263 3 17 3 17 5372 30911 1 1 0 0
202.341 3 17 3 17 5394 30933 1 1 0 0
202.404 3 17 3 17 5415 30954 1 1 0 0
202.482 4 17 4 17 5439 30978 1 1 0 0
202.56 4 16 4 16 5462 31001 1 1 0 0
202.622 3 15 3 15 5485 31024 1 1 0 0
202.7 3 14 3 14 5510 31049 1 1 0 0
202.779 3 16 3 16 5531 31070 1 1 0 0
202.841 2 11 2 11 5546 31085 1 1 0 0
202.919 4 14 4 14 5566 31105 1 1 0 0
202.997 2 13 2 13 5587 31126 1 1 0 0
203.075 3 10 3 10 5601 31140 1 1 0 0
203.138 4 18 4 18 5627 31166 1 1 0 0
203.216 3 14 3 14 5650 31189 1 1 0 0
203.278 3 18 3 18 5676 31215 1 1 0 0
203.357 3 13 3 13 5694 31233 1 1 0 0
203.419 4 19 4 19 5721 31260 1 1 0 0
203.497 3 16 3 16 5742 31281 1 1 0 0
203.575 3 17 3 17 5764 31303 1 1 0 0
203.638 3 18 3 18 5787 31326 1 1 0 0
203.716 3 14 3 14 5808 31347 1 1 0 0
203.778 4 17 4 17 5833 31372 1 1 0 0
203.856 2 12 2 12 5850 31389 1 1 0 0
203.919 5 16 5 16 5873 31412 1 1 0 0
203.997 2 14 2 14 5894 31433 1 1 0 0
204.075 4 18 4 18 5919 31458 1 1 0 0
204.138 4 16 4 16 5941 31480 1 1 0 0
204.216 5 17 5 17 5964 31503 1 1 0 0
204.278 3 17 3 17 5987 31526 1 1 0 0
204.356 3 18 3 18 6011 31550 1 1 0 0
204.419 4 15 4 15 6035 31574 1 1 0 0
204.497 2 16 2 16 6056 31595 1 1 0 0
204.575 3 16 3 16 6077 31616 1 1 0 0
204.638 3 13 3 13 6099 31638 1 1 0 0
204.716 3 17 3 17 6120 31659 1 1 0 0
204.778 3 12 3 12 6137 31676 1 1 0 0
204.856 3 12 3 12 6155 31694 1 1 0 0
204.919 3 13 3 13 6174 31713 1 1 0 0
204.997 3 13 3 13 6191 31730 1 1 0 0
205.075 3 16 3 16 6212 31751 1 1 0 0
205.137 2 16 2 16 6232 31771 1 1 0 0
205.216 4 14 4 14 6253 31792 1 1 0 0
205.278 4 14 4 14 6273 31812 1 1 0 0
205.356 3 14 3 14 6291 31830 1 1 0 0
205.419 3 13 3 13 6307 31846 1 1 0 0
205.497 3 14 3 14 6326 31865 1 1 0 0
205.575 3 16 3 16 6349 31888 1 1 0 0
205.653 3 15 3 15 6368 31907 1 1 0 0
205.715 4 12 4 12 6385 31924 1 1 0 0
205.793 4 16 4 16 6409 31948 1 1 0 0
205.856 4 16 4 16 6432 31971 1 1 0 0
205.934 2 17 2 17 6452 31991 1 1 0 0
205.997 3 16 3 16 6475 32014 1 1 0 0
206.075 4 15 4 15 6495 32034 1 1 0 0
206.153 3 16 3 16 6517 32056 1 1 0 0
206.215 3 20 3 20 6544 32083 1 1 0 0
206.293 3 16 3 16 6566 32105 1 1 0 0
206.387 5 15 5 15 6595 32134 1 1 0 0
206.45 4 20 4 20 6621 32160 1 1 0 0
206.528 4 15 4 15 6643 32182 1 1 0 0
206.606 3 17 3 17 6671 32210 1 1 0 0
206.684 5 14 5 14 6693 32232 1 1 0 0
206.746 4 14 4 14 6712 32251 1 1 0 0
206.825 3 17 3 17 6733 32272 1 1 0 0
206.903 3 18 3 18 6759 32298 1 1 0 0
206.965 2 15 2 15 6779 32318 1 1 0 0
207.043 3 14 3 14 6801 32340 1 1 0 0
207.106 2 17 2 17 6821 32360 1 1 0 0
207.184 3 14 3 14 6839 32378 1 1 0 0
207.246 4 14 4 14 6860 32399 1 1 0 0
207.324 3 16 3 16 6880 32419 1 1 0 0
207.402 2 13 2 13 6897 32436 1 1 0 0
207.465 4 16 4 16 6918 32457 1 1 0 0
207.543 2 14 2 14 6938 32477 1 1 0 0
207.606 3 14 3 14 6957 32496 1 1 0 0
207.684 4 16 4 16 6979 32518 1 1 0 0
207.746 3 17 3 17 7000 32539 1 1 0 0
207.824 4 15 4 15 7023 32562 1 1 0 0
207.902 4 17 4 17 7048 32587 1 1 0 0
207.965 4 11 4 11 7067 32606 1 1 0 0
208.043 3 13 3 13 7084 32623 1 1 0 0
208.105 4 17 4 17 7109 32648 1 1 0 0
208.184 3 14 3 14 7129 32668 1 1 0 0
208.246 4 17 4 17 7153 32692 1 1 0 0
208.34 3 13 3 13 7174 32713 1 1 0 0
208.402 3 15 3 15 7195 32734 1 1 0 0
208.48 5 15 5 15 7219 32758 1 1 0 0
208.543 4 16 4 16 7243 32782 1 1 0 0
208.621 3 15 3 15 7263 32802 1 1 0 0
208.683 3 13 3 13 7282 32821 1 1 0 0
208.762 2 19 2 19 7310 32849 1 1 0 0
208.84 5 16 5 16 7334 32873 1 1 0 0
208.918 3 18 3 18 7357 32896 1 1 0 0
208.98 3 16 3 16 7378 32917 1 1 0 0
209.058 5 16 5 16 7407 32946 1 1 0 0
209.136 4 17 4 17 7431 32970 1 1 0 0
209.199 3 16 3 16 7453 32992 1 1 0 0
209.277 3 13 3 12 7472 33011 1 1 0 0
209.355 3 17 3 17 7497 33036 1 1 0 0
209.433 2 16 2 16 7518 33057 1 1 0 0
209.496 3 14 3 14 7536 33075 1 1 0 0
209.574 4 16 4 16 7558 33097 1 1 0 0
209.652 4 16 4 16 7579 33118 1 1 0 0
209.714 4 16 4 16 7602 33141 1 1 0 0
209.793 4 15 4 15 7622 33161 1 1 0 0
209.871 3 16 3 16 7648 33187 1 1 0 0
209.949 2 16 2 16 7670 33209 1 1 0 0
210.011 4 16 4 16 7692 33231 1 1 0 0
210.089 3 17 3 17 7715 33254 1 1 0 0
210.167 3 16 3 16 7737 33276 1 1 0 0
210.23 3 16 3 16 7760 33299 1 1 0 0
210.308 3 14 3 14 7779 33318 1 1 0 0
210.371 3 13 3 13 7796 33335 1 1 0 0
210.449 2 18 2 18 7822 33361 1 1 0 0
210.527 4 19 4 19 7848 33387 1 1 0 0
210.589 3 17 3 17 7870 33409 1 1 0 0
210.667 5 12 5 12 7889 33428 1 1 0 0
210.745 3 17 3 17 7914 33453 1 1 0 0
210.808 2 15 2 15 7934 33473 1 1 0 0
210.886 2 16 2 16 7955 33494 1 1 0 0
210.949 4 20 4 20 7980 33519 1 1 0 0
211.027 4 16 4 16 8004 33543 1 1 0 0
211.089 3 14 3 14 8024 33563 1 1 0 0
211.167 3 15 3 15 8045 33584 1 1 0 0
211.245 4 14 4 14 8065 33604 1 1 0 0
211.308 3 19 3 19 8091 33630 1 1 0 0
211.386 2 14 2 14 8108 33647 1 1 0 0
211.448 4 14 4 14 8129 33668 1 1 0 0
211.527 2 12 2 12 8144 33683 1 1 0 0
211.589 3 12 3 12 8162 33701 1 1 0 0
211.667 4 13 4 13 8180 33719 1 1 0 0
211.745 4 13 4 13 8200 33739 1 1 0 0
211.808 2 21 2 21 8226 33765 1 1 0 0
211.886 2 13 2 13 8246 33785 1 1 0 0
211.948 3 16 3 16 8267 33806 1 1 0 0
212.026 3 15 3 15 8290 33829 1 1 0 0
212.105 3 18 3 18 8314 33853 1 1 0 0
212.167 4 13 4 13 8335 33874 1 1 0 0
212.245 5 17 5 17 8358 33897 1 1 0 0
212.323 5 18 5 18 8385 33924 1 1 0 0
212.386 3 16 3 16 8405 33944 1 1 0 0
212.464 3 13 3 13 8422 33961 1 1 0 0
212.542 3 16 3 16 8445 33984 1 1 0 0
212.604 4 13 4 13 8464 34003 1 1 0 0
212.683 4 18 4 18 8488 34027 1 1 0 0
212.761 3 16 3 16 8509 34048 1 1 0 0
212.823 3 17 3 17 8531 34070 1 1 0 0
212.901 3 14 3 14 8550 34089 1 1 0 0
212.964 2 15 2 15 8569 34108 1 1 0 0
213.042 3 15 3 15 8591 34130 1 1 0 0
213.12 4 13 4 13 8611 34150 1 1 0 0
213.182 4 15 4 15 8631 34170 1 1 0 0
213.26 5 12 5 12 8651 34190 1 1 0 0
213.339 2 17 2 17 8673 34212 1 1 0 0
213.401 6 18 6 18 8700 34239 1 1 0 0
213.479 2 14 2 14 8719 34258 1 1 0 0
213.542 4 16 4 16 8742 34281 1 1 0 0
213.62 3 14 3 14 8760 34299 1 1 0 0
213.682 2 15 2 15 8779 34318 1 1 0 0
213.76 3 13 3 13 8797 34336 1 1 0 0
213.823 4 16 4 16 8818 34357 1 1 0 0
213.917 4 12 4 12 8846 34385 1 1 0 0
213.995 4 14 4 14 8865 34404 1 1 0 0
214.057 4 15 4 15 8887 34426 1 1 0 0
214.135 3 15 3 15 8908 34447 1 1 0 0
214.198 3 12 3 12 8926 34465 1 1 0 0
214.276 3 14 3 14 8945 34484 1 1 0 0
214.354 4 21 4 21 8972 34511 1 1 0 0
214.416 3 19 3 19 8996 34535 1 1 0 0
214.495 2 15 2 15 9016 34555 1 1 0 0
214.557 4 16 4 16 9036 34575 1 1 0 0
214.635 4 17 4 17 9061 34600 1 1 0 0
214.715 3 14 3 14 9084 34623 1 1 0 0
214.778 4 15 4 15 9106 34645 1 1 0 0
214.856 5 15 5 15 9129 34668 1 1 0 0
214.918 3 15 3 15 9149 34688 1 1 0 0
214.996 4 19 4 19 9175 34714 1 1 0 0
215.074 4 16 4 16 9196 34735 1 1 0 0
215.137 4 13 4 13 9214 34753 1 1 0 0
215.215 5 14 5 14 9235 34774 1 1 0 0
215.277 3 19 3 19 9258 34797 1 1 0 0
215.356 4 15 4 15 9278 34817 1 1 0 0
215.418 4 16 4 16 9301 34840 1 1 0 0
215.496 3 13 3 13 9320 34859 1 1 0 0
215.574 4 18 4 18 9345 34884 1 1 0 0
215.637 3 14 3 14 9364 34903 1 1 0 0
215.715 4 15 4 15 9385 34924 1 1 0 0
215.777 5 16 5 16 9408 34947 1 1 0 0
215.855 3 11 3 11 9424 34963 1 1 0 0
215.918 2 17 2 17 9444 34983 1 1 0 0
215.996 5 15 5 15 9467 35006 1 1 0 0
216.074 4 19 4 19 9494 35033 1 1 0 0
216.137 3 15 3 15 9515 35054 1 1 0 0
216.215 3 15 3 15 9537 35076 1 1 0 0
216.277 3 16 3 16 9559 35098 1 1 0 0
216.355 5 22 5 22 9590 35129 1 1 0 0
216.418 3 18 3 18 9612 35151 1 1 0 0
216.496 4 15 4 15 9634 35173 1 1 0 0
216.574 4 18 4 18 9659 35198 1 1 0 0
216.637 4 16 4 16 9680 35219 1 1 0 0
216.715 5 17 5 17 9704 35243 1 1 0 0
216.777 3 15 3 15 9726 35265 1 1 0 0
216.855 2 14 2 14 9743 35282 1 1 0 0
216.918 2 14 2 14 9761 35300 1 1 0 0
216.996 4 13 4 13 9782 35321 1 1 0 0
217.074 5 17 5 17 9807 35346 1 1 0 0
217.136 4 15 4 15 9829 35368 1 1 0 0
217.215 3 10 3 10 9845 35384 1 1 0 0
217.277 3 16 3 16 9867 35406 1 1 0 0
217.355 4 16 4 16 9892 35431 1 1 0 0
250.537 2 8 2 8 9903 35442 1 1 0 0
250.599 2 8 2 8 9913 35452 1 1 0 0
250.677 2 8 2 8 9923 35462 1 1 0 0
250.74 2 8 2 8 9933 35472 1 1 0 0
250.818 2 8 2 8 9943 35482 1 1 0 0
250.896 2 8 2 8 9953 35492 1 1 0 0
250.959 2 8 2 8 9963 35502 1 1 0 0
251.037 2 8 2 8 9973 35512 1 1 0 0
251.099 2 8 2 8 9983 35522 1 1 0 0
251.177 2 8 2 8 9993 35532 1 1 0 0
251.24 2 8 2 8 10003 35542 1 1 0 0
251.318 2 8 2 8 10013 35552 1 1 0 0
251.396 2 8 2 8 10023 35562 1 1 0 0
251.458 2 8 2 8 10033 35572 1 1 0 0
251.537 2 8 2 8 10043 35582 1 1 0 0
251.599 2 8 2 8 10053 35592 1 1 0 0
251.677 2 8 2 8 10063 35602 1 1 0 0
251.74 2 8 2 8 10073 35612 1 1 0 0
251.818 2 8 2 8 10083 35622 1 1 0 0
251.896 2 8 2 8 10093 35632 1 1 0 0
251.958 2 8 2 8 10103 35642 1 1 0 0
252.037 2 8 2 8 10113 35652 1 1 0 0
252.099 2 8 2 8 10123 35662 1 1 0 0
252.177 2 8 2 8 10133 35672 1 1 0 0
252.24 2 8 2 8 10143 35682 1 1 0 0
252.318 2 8 2 8 10153 35692 1 1 0 0
252.396 2 8 2 8 10163 35702 1 1 0 0
252.458 2 8 2 8 10173 35712 1 1 0 0
252.536 2 8 2 8 10183 35722 1 1 0 0
252.599 2 8 2 8 10193 35732 1 1 0 0
252.677 2 8 2 8 10203 35742 1 1 0 0
252.739 2 8 2 8 10213 35752 1 1 0 0
252.818 2 8 2 8 10223 35762 1 1 0 0
252.896 2 8 2 8 10233 35772 1 1 0 0
252.958 2 8 2 8 10243 35782 1 1 0 0
253.036 2 8 2 8 10253 35792 1 1 0 0
253.099 2 8 2 8 10263 35802 1 1 0 0
253.177 2 8 2 8 10273 35812 1 1 0 0
253.239 2 8 2 8 10283 35822 1 1 0 0
253.317 2 8 2 8 10293 35832 1 1 0 0
253.396 2 8 2 8 10303 35842 1 1 0 0
253.458 2 8 2 8 10313 35852 1 1 0 0
253.536 2 8 2 8 10323 35862 1 1 0 0
253.599 2 8 2 8 10333 35872 1 1 0 0
253.677 2 8 2 8 10343 35882 1 1 0 0
253.739 2 8 2 8 10353 35892 1 1 0 0
253.817 2 8 2 8 10363 35902 1 1 0 0
253.895 2 8 2 8 10373 35912 1 1 0 0
253.958 2 8 2 8 10383 35922 1 1 0 0
254.036 2 8 2 8 10393 35932 1 1 0 0
254.099 2 8 2 8 10403 35942 1 1 0 0
254.177 2 8 2 8 10413 35952 1 1 0 0
254.239 2 8 2 8 10423 35962 1 1 0 0
254.317 2 8 2 8 10433 35972 1 1 0 0
254.395 2 8 2 8 10443 35982 1 1 0 0
254.458 2 8 2 8 10453 35992 1 1 0 0
254.536 2 8 2 8 10463 36002 1 1 0 0
254.598 2 8 2 8 10473 36012 1 1 0 0
254.676 2 8 2 8 10483 36022 1 1 0 0
254.739 2 8 2 8 10493 36032 1 1 0 0
254.817 2 8 2 8 10503 36042 1 1 0 0
254.895 2 8 2 8 10513 36052 1 1 0 0
254.958 2 8 2 8 10523 36062 1 1 0 0
255.036 2 8 2 8 10533 36072 1 1 0 0
255.098 2 8 2 8 10543 36082 1 1 0 0
255.176 2 8 2 8 10553 36092 1 1 0 0
255.239 2 8 2 8 10563 36102 1 1 0 0
255.317 2 8 2 8 10573 36112 1 1 0 0
255.395 2 8 2 8 10583 36122 1 1 0 0
255.458 2 8 2 8 10593 36132 1 1 0 0
255.536 2 8 2 8 10603 36142 1 1 0 0
255.598 2 8 2 8 10613 36152 1 1 0 0
255.676 2 8 2 8 10623 36162 1 1 0 0
255.739 2 8 2 8 10633 36172 1 1 0 0
255.817 2 8 2 8 10643 36182 1 1 0 0
255.895 2 8 2 8 10653 36192 1 1 0 0
255.957 2 8 2 8 10663 36202 1 1 0 0
256.036 2 8 2 8 10673 36212 1 1 0 0
256.098 2 8 2 8 10683 36222 1 1 0 0
256.176 2 8 2 8 10693 36232 1 1 0 0
256.239 2 8 2 8 10703 36242 1 1 0 0
256.317 2 8 2 8 10713 36252 1 1 0 0
256.395 2 8 2 8 10723 36262 1 1 0 0
256.457 2 8 2 8 10733 36272 1 1 0 0
256.535 2 8 2 8 10743 36282 1 1 0 0
256.598 2 8 2 8 10753 36292 1 1 0 0
256.676 2 8 2 8 10763 36302 1 1 0 0
256.739 2 8 2 8 10773 36312 1 1 0 0
256.817 2 8 2 8 10783 36322 1 1 0 0
256.895 2 8 2 8 10793 36332 1 1 0 0
256.957 2 8 2 8 10803 36342 1 1 0 0
257.035 2 8 2 8 10813 36352 1 1 0 0
257.098 2 8 2 8 10823 36362 1 1 0 0
257.176 2 8 2 8 10833 36372 1 1 0 0
257.238 2 8 2 8 10843 36382 1 1 0 0
257.317 2 8 2 8 10853 36392 1 1 0 0
257.395 2 8 2 8 10863 36402 1 1 0 0
257.457 2 8 2 8 10873 36412 1 1 0 0
257.535 2 8 2 8 10883 36422 1 1 0 0
257.598 2 8 2 8 10893 36432 1 1 0 0
257.676 2 8 2 8 10903 36442 1 1 0 0
257.738 2 8 2 8 10913 36452 1 1 0 0
257.816 2 8 2 8 10923 36462 1 1 0 0
257.895 2 8 2 8 10933 36472 1 1 0 0
257.957 2 8 2 8 10943 36482 1 1 0 0
258.035 2 8 2 8 10953 36492 1 1 0 0
258.098 2 8 2 8 10963 36502 1 1 0 0
258.176 2 8 2 8 10973 36512 1 1 0 0
258.254 2 8 2 8 10983 36522 1 1 0 0
258.316 2 8 2 8 10993 36532 1 1 0 0
258.394 2 8 2 8 11003 36542 1 1 0 0
258.457 2 8 2 8 11013 36552 1 1 0 0
258.535 2 8 2 8 11023 36562 1 1 0 0
258.597 2 8 2 8 11033 36572 1 1 0 0
258.676 2 8 2 8 11043 36582 1 1 0 0
258.738 2 8 2 8 11053 36592 1 1 0 0
258.816 2 8 2 8 11063 36602 1 1 0 0
258.894 2 8 2 8 11073 36612 1 1 0 0
258.957 2 8 2 8 11083 36622 1 1 0 0
259.035 2 8 2 8 11093 36632 1 1 0 0
259.097 2 8 2 8 11103 36642 1 1 0 0
259.175 2 8 2 8 11113 36652 1 1 0 0
259.254 2 8 2 8 11123 36662 1 1 0 0
259.316 2 8 2 8 11133 36672 1 1 0 0
259.394 2 8 2 8 11143 36682 1 1 0 0
259.457 2 8 2 8 11153 36692 1 1 0 0
259.535 2 8 2 8 11163 36702 1 1 0 0
259.597 2 8 2 8 11173 36712 1 1 0 0
259.675 2 8 2 8 11183 36722 1 1 0 0
259.738 2 8 2 8 11193 36732 1 1 0 0
259.816 2 8 2 8 11203 36742 1 1 0 0
259.894 2 8 2 8 11213 36752 1 1 0 0
259.956 2 8 2 8 11223 36762 1 1 0 0
260.035 2 8 2 8 11233 36772 1 1 0 0
260.097 2 8 2 8 11243 36782 1 1 0 0
260.175 2 8 2 8 11253 36792 1 1 0 0
260.253 2 8 2 8 11263 36802 1 1 0 0
260.316 2 8 2 8 11273 36812 1 1 0 0
260.394 2 8 2 8 11283 36822 1 1 0 0
260.456 2 8 2 8 11293 36832 1 1 0 0
260.535 2 8 2 8 11303 36842 1 1 0 0
260.597 2 8 2 8 11313 36852 1 1 0 0
260.675 2 8 2 8 11323 36862 1 1 0 0
260.753 2 8 2 8 11333 36872 1 1 0 0
260.816 2 8 2 8 11343 36882 1 1 0 0
260.894 2 8 2 8 11353 36892 1 1 0 0
260.958 2 8 2 8 11363 36902 1 1 0 0
261.036 2 8 2 8 11373 36912 1 1 0 0
261.099 2 8 2 8 11383 36922 1 1 0 0
261.177 2 8 2 8 11393 36932 1 1 0 0
261.239 2 8 2 8 11403 36942 1 1 0 0
261.317 2 8 2 8 11413 36952 1 1 0 0
261.395 2 8 2 8 11423 36962 1 1 0 0
261.458 2 8 2 8 11433 36972 1 1 0 0
261.536 2 8 2 8 11443 36982 1 1 0 0
261.599 2 8 2 8 11453 36992 1 1 0 0
261.677 2 8 2 8 11463 37002 1 1 0 0
261.739 2 8 2 8 11473 37012 1 1 0 0
261.817 2 8 2 8 11483 37022 1 1 0 0
261.895 2 8 2 8 11493 37032 1 1 0 0
261.958 2 8 2 8 11503 37042 1 1 0 0
262.036 2 8 2 8 11513 37052 1 1 0 0
262.098 2 8 2 8 11523 37062 1 1 0 0
262.177 2 8 2 8 11533 37072 1 1 0 0
262.239 2 8 2 8 11543 37082 1 1 0 0
262.317 2 8 2 8 11553 37092 1 1 0 0
262.395 2 8 2 8 11563 37102 1 1 0 0
262.458 2 8 2 8 11573 37112 1 1 0 0
262.536 2 8 2 8 11583 37122 1 1 0 0
262.598 2 8 2 8 11593 37132 1 1 0 0
262.676 2 8 2 8 11603 37142 1 1 0 0
262.739 2 8 2 8 11613 37152 1 1 0 0
262.817 2 8 2 8 11623 37162 1 1 0 0
262.895 2 8 2 8 11633 37172 1 1 0 0
262.958 2 8 2 8 11643 37182 1 1 0 0
263.036 2 8 2 8 11653 37192 1 1 0 0
263.098 2 8 2 8 11663 37202 1 1 0 0
263.176 2 8 2 8 11673 37212 1 1 0 0
263.239 2 8 2 8 11683 37222 1 1 0 0
263.317 2 8 2 8 11693 37232 1 1 0 0
263.395 2 8 2 8 11703 37242 1 1 0 0
263.457 2 8 2 8 11713 37252 1 1 0 0
263.536 2 8 2 8 11723 37262 1 1 0 0
263.598 2 8 2 8 11733 37272 1 1 0 0
263.676 2 8 2 8 11743 37282 1 1 0 0
263.739 2 8 2 8 11753 37292 1 1 0 0
263.817 2 8 2 8 11763 37302 1 1 0 0
263.895 2 8 2 8 11773 37312 1 1 0 0
263.957 2 8 2 8 11783 37322 1 1 0 0
264.035 2 8 2 8 11793 37332 1 1 0 0
264.098 2 8 2 8 11803 37342 1 1 0 0
264.176 2 8 2 8 11813 37352 1 1 0 0
264.239 2 8 2 8 11823 37362 1 1 0 0
264.317 2 8 2 8 11833 37372 1 1 0 0
264.395 2 8 2 8 11843 37382 1 1 0 0
264.457 2 8 2 8 11853 37392 1 1 0 0
264.535 2 8 2 8 11863 37402 1 1 0 0
264.598 2 8 2 8 11873 37412 1 1 0 0
264.676 2 8 2 8 11883 37422 1 1 0 0
264.738 2 8 2 8 11893 37432 1 1 0 0
264.817 2 8 2 8 11903 37442 1 1 0 0
264.895 2 8 2 8 11913 37452 1 1 0 0
264.957 2 8 2 8 11923 37462 1 1 0 0
265.035 2 8 2 8 11933 37472 1 1 0 0
265.098 2 8 2 8 11943 37482 1 1 0 0
265.176 2 8 2 8 11953 37492 1 1 0 0
265.238 2 8 2 8 11963 37502 1 1 0 0
265.316 2 8 2 8 11973 37512 1 1 0 0
265.395 2 8 2 8 11983 37522 1 1 0 0
265.457 2 8 2 8 11993 37532 1 1 0 0
265.535 2 8 2 8 12003 37542 1 1 0 0
265.598 2 8 2 8 12013 37552 1 1 0 0
265.676 2 8 2 8 12023 37562 1 1 0 0
265.754 2 8 2 8 12033 37572 1 1 0 0
265.816 2 8 2 8 12043 37582 1 1 0 0
265.894 2 8 2 8 12053 37592 1 1 0 0
265.957 2 8 2 8 12063 37602 1 1 0 0
266.035 2 8 2 8 12073 37612 1 1 0 0
266.097 2 8 2 8 12083 37622 1 1 0 0
266.176 2 8 2 8 12093 37632 1 1 0 0
266.238 2 8 2 8 12103 37642 1 1 0 0
266.316 2 8 2 8 12113 37652 1 1 0 0
266.394 2 8 2 8 12123 37662 1 1 0 0
266.457 2 8 2 8 12133 37672 1 1 0 0
266.535 2 8 2 8 12143 37682 1 1 0 0
266.597 2 8 2 8 12153 37692 1 1 0 0
266.675 2 8 2 8 12163 37702 1 1 0 0
266.738 2 8 2 8 12173 37712 1 1 0 0
266.816 2 8 2 8 12183 37722 1 1 0 0
266.894 2 8 2 8 12193 37732 1 1 0 0
266.957 2 8 2 8 12203 37742 1 1 0 0
267.035 2 8 2 8 12213 37752 1 1 0 0
267.097 2 8 2 8 12223 37762 1 1 0 0
267.175 2 8 2 8 12233 37772 1 1 0 0
267.238 2 8 2 8 12243 37782 1 1 0 0
267.316 2 8 2 8 12253 37792 1 1 0 0
267.394 2 8 2 8 12263 37802 1 1 0 0
267.457 2 8 2 8 12273 37812 1 1 0 0
267.535 2 8 2 8 12283 37822 1 1 0 0
267.597 2 8 2 8 12293 37832 1 1 0 0
267.675 2 8 2 8 12303 37842 1 1 0 0
267.753 2 8 2 8 12313 37852 1 1 0 0
267.816 2 8 2 8 12323 37862 1 1 0 0
267.894 2 8 2 8 12333 37872 1 1 0 0
267.956 2 8 2 8 12343 37882 1 1 0 0
268.035 2 8 2 8 12353 37892 1 1 0 0
268.097 2 8 2 8 12363 37902 1 1 0 0
268.175 2 8 2 8 12373 37912 1 1 0 0
268.238 2 8 2 8 12383 37922 1 1 0 0
268.316 2 8 2 8 12393 37932 1 1 0 0
268.394 2 8 2 8 12403 37942 1 1 0 0
268.456 2 8 2 8 12413 37952 1 1 0 0
268.534 2 8 2 8 12423 37962 1 1 0 0
268.597 2 8 2 8 12433 37972 1 1 0 0
268.675 2 8 2 8 12443 37982 1 1 0 0
268.753 2 8 2 8 12453 37992 1 1 0 0
268.816 2 8 2 8 12463 38002 1 1 0 0
268.894 2 8 2 8 12473 38012 1 1 0 0
268.956 2 8 2 8 12483 38022 1 1 0 0
269.034 2 8 2 8 12493 38032 1 1 0 0
269.097 2 8 2 8 12503 38042 1 1 0 0
269.175 2 8 2 8 12513 38052 1 1 0 0
269.253 2 8 2 8 12523 38062 1 1 0 0
269.315 2 8 2 8 12533 38072 1 1 0 0
269.394 2 8 2 8 12543 38082 1 1 0 0
269.456 2 8 2 8 12553 38092 1 1 0 0
269.534 2 8 2 8 12563 38102 1 1 0 0
269.597 2 8 2 8 12573 38112 1 1 0 0
269.675 2 8 2 8 12583 38122 1 1 0 0
269.753 2 8 2 8 12593 38132 1 1 0 0
269.815 2 8 2 8 12603 38142 1 1 0 0
269.893 2 8 2 8 12613 38152 1 1 0 0
269.956 2 8 2 8 12623 38162 1 1 0 0
270.034 2 8 2 8 12633 38172 1 1 0 0
270.097 2 8 2 8 12643 38182 1 1 0 0
270.175 2 8 2 8 12653 38192 1 1 0 0
270.253 2 8 2 8 12663 38202 1 1 0 0
270.315 2 8 2 8 12673 38212 1 1 0 0
270.393 2 8 2 8 12683 38222 1 1 0 0
270.456 2 8 2 8 12693 38232 1 1 0 0
270.534 2 8 2 8 12703 38242 1 1 0 0
270.596 2 8 2 8 12713 38252 1 1 0 0
270.675 2 8 2 8 12723 38262 1 1 0 0
270.753 2 8 2 8 12733 38272 1 1 0 0
270.815 2 8 2 8 12743 38282 1 1 0 0
270.893 2 8 2 8 12753 38292 1 1 0 0
270.956 2 8 2 8 12763 38302 1 1 0 0
271.034 2 8 2 8 12773 38312 1 1 0 0
271.096 2 8 2 8 12783 38322 1 1 0 0
271.174 2 8 2 8 12793 38332 1 1 0 0
271.253 2 8 2 8 12803 38342 1 1 0 0
271.315 2 8 2 8 12813 38352 1 1 0 0
271.393 2 8 2 8 12823 38362 1 1 0 0
271.456 2 8 2 8 12833 38372 1 1 0 0
271.534 2 8 2 8 12843 38382 1 1 0 0
271.596 2 1 2 1 12846 38385 1 1 0 0
303.186 1 8 1 8 12855 38394 1 1 0 0
303.264 2 8 2 8 12865 38404 1 1 0 0
303.327 2 8 2 8 12875 38414 1 1 0 0
303.405 2 8 2 8 12885 38424 1 1 0 0
303.467 2 8 2 8 12895 38434 1 1 0 0
303.545 2 8 2 8 12905 38444 1 1 0 0
303.623 2 8 2 8 12915 38454 1 1 0 0
303.686 2 8 2 8 12925 38464 1 1 0 0
303.764 2 8 2 8 12935 38474 1 1 0 0
303.826 2 8 2 8 12945 38484 1 1 0 0
303.905 2 8 2 8 12955 38494 1 1 0 0
303.967 2 8 2 8 12965 38504 1 1 0 0
304.045 2 8 2 8 12975 38514 1 1 0 0
304.123 2 8 2 8 12985 38524 1 1 0 0
304.186 2 8 2 8 12995 38534 1 1 0 0
304.264 2 8 2 8 13005 38544 1 1 0 0
304.326 2 8 2 8 13015 38554 1 1 0 0
304.404 2 8 2 8 13025 38564 1 1 0 0
304.467 2 8 2 8 13035 38574 1 1 0 0
304.545 2 8 2 8 13045 38584 1 1 0 0
304.623 2 8 2 8 13055 38594 1 1 0 0
304.686 2 8 2 8 13065 38604 1 1 0 0
304.764 2 8 2 8 13075 38614 1 1 0 0
304.826 2 8 2 8 13085 38624 1 1 0 0
304.904 2 8 2 8 13095 38634 1 1 0 0
304.967 2 8 2 8 13105 38644 1 1 0 0
305.045 2 8 2 8 13115 38654 1 1 0 0
305.123 2 8 2 8 13125 38664 1 1 0 0
305.185 2 8 2 8 13135 38674 1 1 0 0
305.264 2 8 2 8 13145 38684 1 1 0 0
305.326 2 8 2 8 13155 38694 1 1 0 0
305.404 2 8 2 8 13165 38704 1 1 0 0
305.467 2 8 2 8 13175 38714 1 1 0 0
305.545 2 8 2 8 13185 38724 1 1 0 0
305.623 2 8 2 8 13195 38734 1 1 0 0
305.685 2 8 2 8 13205 38744 1 1 0 0
305.763 2 8 2 8 13215 38754 1 1 0 0
305.826 2 8 2 8 13225 38764 1 1 0 0
305.904 2 8 2 8 13235 38774 1 1 0 0
305.967 2 8 2 8 13245 38784 1 1 0 0
306.045 2 8 2 8 13255 38794 1 1 0 0
306.123 2 8 2 8 13265 38804 1 1 0 0
306.185 2 8 2 8 13275 38814 1 1 0 0
306.263 2 8 2 8 13285 38824 1 1 0 0
306.326 2 8 2 8 13295 38834 1 1 0 0
306.404 2 8 2 8 13305 38844 1 1 0 0
306.466 2 8 2 8 13315 38854 1 1 0 0
306.545 2 8 2 8 13325 38864 1 1 0 0
306.623 2 8 2 8 13335 38874 1 1 0 0
306.685 2 8 2 8 13345 38884 1 1 0 0
306.763 2 8 2 8 13355 38894 1 1 0 0
306.826 2 8 2 8 13365 38904 1 1 0 0
306.904 2 8 2 8 13375 38914 1 1 0 0
306.966 2 8 2 8 13385 38924 1 1 0 0
307.044 2 8 2 8 13395 38934 1 1 0 0
307.122 2 8 2 8 13405 38944 1 1 0 0
307.185 2 8 2 8 13415 38954 1 1 0 0
307.265 2 8 2 8 13425 38964 1 1 0 0
307.327 2 8 2 8 13435 38974 1 1 0 0
307.405 2 8 2 8 13445 38984 1 1 0 0
307.468 2 8 2 8 13455 38994 1 1 0 0
307.546 2 8 2 8 13465 39004 1 1 0 0
307.624 2 8 2 8 13475 39014 1 1 0 0
307.687 2 8 2 8 13485 39024 1 1 0 0
307.765 2 8 2 8 13495 39034 1 1 0 0
307.827 2 8 2 8 13505 39044 1 1 0 0
307.905 2 8 2 8 13515 39054 1 1 0 0
307.968 2 8 2 8 13525 39064 1 1 0 0
308.046 2 8 2 8 13535 39074 1 1 0 0
308.124 2 8 2 8 13545 39084 1 1 0 0
308.187 2 8 2 8 13555 39094 1 1 0 0
308.265 2 8 2 8 13565 39104 1 1 0 0
308.327 2 8 2 8 13575 39114 1 1 0 0
308.405 2 8 2 8 13585 39124 1 1 0 0
308.468 2 8 2 8 13595 39134 1 1 0 0
308.546 2 8 2 8 13605 39144 1 1 0 0
308.624 2 8 2 8 13615 39154 1 1 0 0
308.686 2 8 2 8 13625 39164 1 1 0 0
308.764 2 8 2 8 13635 39174 1 1 0 0
308.827 2 8 2 8 13645 39184 1 1 0 0
308.905 2 8 2 8 13655 39194 1 1 0 0
308.968 2 8 2 8 13665 39204 1 1 0 0
309.046 2 8 2 8 13675 39214 1 1 0 0
309.124 2 8 2 8 13685 39224 1 1 0 0
309.186 2 8 2 8 13695 39234 1 1 0 0
309.264 2 8 2 8 13705 39244 1 1 0 0
309.327 2 8 2 8 13715 39254 1 1 0 0
309.405 2 8 2 8 13725 39264 1 1 0 0
309.467 2 8 2 8 13735 39274 1 1 0 0
309.546 2 8 2 8 13745 39284 1 1 0 0
309.624 2 8 2 8 13755 39294 1 1 0 0
309.686 2 8 2 8 13765 39304 1 1 0 0
309.764 2 8 2 8 13775 39314 1 1 0 0
309.827 2 8 2 8 13785 39324 1 1 0 0
309.905 2 8 2 8 13795 39334 1 1 0 0
309.967 2 8 2 8 13805 39344 1 1 0 0
310.045 2 8 2 8 13815 39354 1 1 0 0
310.124 2 8 2 8 13825 39364 1 1 0 0
310.186 2 8 2 8 13835 39374 1 1 0 0
310.264 2 8 2 8 13845 39384 1 1 0 0
310.327 2 8 2 8 13855 39394 1 1 0 0
310.405 2 8 2 8 13865 39404 1 1 0 0
310.467 2 8 2 8 13875 39414 1 1 0 0
310.545 2 8 2 8 13885 39424 1 1 0 0
310.623 2 8 2 8 13895 39434 1 1 0 0
310.686 2 8 2 8 13905 39444 1 1 0 0
310.764 2 8 2 8 13915 39454 1 1 0 0
310.827 2 8 2 8 13925 39464 1 1 0 0
310.905 2 8 2 8 13935 39474 1 1 0 0
310.967 2 8 2 8 13945 39484 1 1 0 0
311.045 2 8 2 8 13955 39494 1 1 0 0
311.123 2 8 2 8 13965 39504 1 1 0 0
311.186 2 8 2 8 13975 39514 1 1 0 0
311.264 2 8 2 8 13985 39524 1 1 0 0
311.326 2 8 2 8 13995 39534 1 1 0 0
311.405 2 8 2 8 14005 39544 1 1 0 0
311.467 2 8 2 8 14015 39554 1 1 0 0
311.545 2 8 2 8 14025 39564 1 1 0 0
311.623 2 8 2 8 14035 39574 1 1 0 0
311.686 2 8 2 8 14045 39584 1 1 0 0
311.764 2 8 2 8 14055 39594 1 1 0 0
311.826 2 8 2 8 14065 39604 1 1 0 0
311.904 2 8 2 8 14075 39614 1 1 0 0
311.967 2 8 2 8 14085 39624 1 1 0 0
312.045 2 8 2 8 14095 39634 1 1 0 0
312.123 2 8 2 8 14105 39644 1 1 0 0
312.186 2 8 2 8 14115 39654 1 1 0 0
312.264 2 8 2 8 14125 39664 1 1 0 0
312.326 2 8 2 8 14135 39674 1 1 0 0
312.404 2 8 2 8 14145 39684 1 1 0 0
312.467 2 8 2 8 14155 39694 1 1 0 0
312.545 2 8 2 8 14165 39704 1 1 0 0
312.623 2 8 2 8 14175 39714 1 1 0 0
312.685 2 8 2 8 14185 39724 1 1 0 0
312.764 2 8 2 8 14195 39734 1 1 0 0
312.826 2 8 2 8 14205 39744 1 1 0 0
312.904 2 8 2 8 14215 39754 1 1 0 0
312.967 2 8 2 8 14225 39764 1 1 0 0
313.045 2 8 2 8 14235 39774 1 1 0 0
313.123 2 8 2 8 14245 39784 1 1 0 0
313.185 2 8 2 8 14255 39794 1 1 0 0
313.263 2 8 2 8 14265 39804 1 1 0 0
313.326 2 8 2 8 14275 39814 1 1 0 0
313.404 2 8 2 8 14285 39824 1 1 0 0
313.467 2 8 2 8 14295 39834 1 1 0 0
313.545 2 8 2 8 14305 39844 1 1 0 0
313.623 2 8 2 8 14315 39854 1 1 0 0
313.685 2 8 2 8 14325 39864 1 1 0 0
313.763 2 8 2 8 14335 39874 1 1 0 0
313.826 2 8 2 8 14345 39884 1 1 0 0
313.904 2 8 2 8 14355 39894 1 1 0 0
313.966 2 8 2 8 14365 39904 1 1 0 0
314.045 2 8 2 8 14375 39914 1 1 0 0
314.123 2 8 2 8 14385 39924 1 1 0 0
314.185 2 8 2 8 14395 39934 1 1 0 0
314.263 2 8 2 8 14405 39944 1 1 0 0
314.326 2 8 2 8 14415 39954 1 1 0 0
314.404 2 8 2 8 14425 39964 1 1 0 0
314.466 2 8 2 8 14435 39974 1 1 0 0
314.544 2 8 2 8 14445 39984 1 1 0 0
314.623 2 8 2 8 14455 39994 1 1 0 0
314.685 2 8 2 8 14465 40004 1 1 0 0
314.763 2 8 2 8 14475 40014 1 1 0 0
314.826 2 8 2 8 14485 40024 1 1 0 0
314.904 2 8 2 8 14495 40034 1 1 0 0
314.966 2 8 2 8 14505 40044 1 1 0 0
315.044 2 8 2 8 14515 40054 1 1 0 0
315.122 2 8 2 8 14525 40064 1 1 0 0
315.185 2 8 2 8 14535 40074 1 1 0 0
315.263 2 8 2 8 14545 40084 1 1 0 0
315.325 2 8 2 8 14555 40094 1 1 0 0
315.404 2 8 2 8 14565 40104 1 1 0 0
315.466 2 8 2 8 14575 40114 1 1 0 0
315.544 2 8 2 8 14585 40124 1 1 0 0
315.622 2 8 2 8 14595 40134 1 1 0 0
315.685 2 8 2 8 14605 40144 1 1 0 0
315.763 2 8 2 8 14615 40154 1 1 0 0
315.825 2 8 2 8 14625 40164 1 1 0 0
315.903 2 8 2 8 14635 40174 1 1 0 0
315.982 2 8 2 8 14645 40184 1 1 0 0
316.044 2 8 2 8 14655 40194 1 1 0 0
316.122 2 8 2 8 14665 40204 1 1 0 0
316.185 2 8 2 8 14675 40214 1 1 0 0
316.263 2 8 2 8 14685 40224 1 1 0 0
316.325 2 8 2 8 14695 40234 1 1 0 0
316.403 2 8 2 8 14705 40244 1 1 0 0
316.481 2 8 2 8 14715 40254 1 1 0 0
316.544 2 8 2 8 14725 40264 1 1 0 0
316.622 2 8 2 8 14735 40274 1 1 0 0
316.685 2 8 2 8 14745 40284 1 1 0 0
316.763 2 8 2 8 14755 40294 1 1 0 0
316.825 2 8 2 8 14765 40304 1 1 0 0
316.903 2 8 2 8 14775 40314 1 1 0 0
316.981 2 8 2 8 14785 40324 1 1 0 0
317.044 2 8 2 8 14795 40334 1 1 0 0
317.122 2 8 2 8 14805 40344 1 1 0 0
317.184 2 8 2 8 14815 40354 1 1 0 0
317.263 2 8 2 8 14825 40364 1 1 0 0
317.325 2 8 2 8 14835 40374 1 1 0 0
317.403 2 8 2 8 14845 40384 1 1 0 0
317.481 2 8 2 8 14855 40394 1 1 0 0
317.544 2 8 2 8 14865 40404 1 1 0 0
317.622 2 8 2 8 14875 40414 1 1 0 0
317.684 2 8 2 8 14885 40424 1 1 0 0
317.762 2 8 2 8 14895 40434 1 1 0 0
317.825 2 8 2 8 14905 40444 1 1 0 0
317.903 2 8 2 8 14915 40454 1 1 0 0
317.981 2 8 2 8 14925 40464 1 1 0 0
318.044 2 8 2 8 14935 40474 1 1 0 0
318.122 2 8 2 8 14945 40484 1 1 0 0
318.184 2 8 2 8 14955 40494 1 1 0 0
318.262 2 8 2 8 14965 40504 1 1 0 0
318.325 2 8 2 8 14975 40514 1 1 0 0
318.403 2 8 2 8 14985 40524 1 1 0 0
318.481 2 8 2 8 14995 40534 1 1 0 0
318.543 2 8 2 8 15005 40544 1 1 0 0
318.622 2 8 2 8 15015 40554 1 1 0 0
318.684 2 8 2 8 15025 40564 1 1 0 0
318.762 2 8 2 8 15035 40574 1 1 0 0
318.825 2 8 2 8 15045 40584 1 1 0 0
318.903 2 8 2 8 15055 40594 1 1 0 0
318.981 2 8 2 8 15065 40604 1 1 0 0
319.043 2 8 2 8 15075 40614 1 1 0 0
319.121 2 8 2 8 15085 40624 1 1 0 0
319.184 2 8 2 8 15095 40634 1 1 0 0
319.262 2 8 2 8 15105 40644 1 1 0 0
319.325 2 8 2 8 15115 40654 1 1 0 0
319.403 2 8 2 8 15125 40664 1 1 0 0
319.481 2 8 2 8 15135 40674 1 1 0 0
319.543 2 8 2 8 15145 40684 1 1 0 0
319.621 2 8 2 8 15155 40694 1 1 0 0
319.684 2 8 2 8 15165 40704 1 1 0 0
319.762 2 8 2 8 15175 40714 1 1 0 0
319.824 2 8 2 8 15185 40724 1 1 0 0
319.903 2 8 2 8 15195 40734 1 1 0 0
319.981 2 8 2 8 15205 40744 1 1 0 0
320.043 2 8 2 8 15215 40754 1 1 0 0
320.121 2 8 2 8 15225 40764 1 1 0 0
320.184 2 8 2 8 15235 40774 1 1 0 0
320.262 2 8 2 8 15245 40784 1 1 0 0
320.324 2 8 2 8 15255 40794 1 1 0 0
320.402 2 8 2 8 15265 40804 1 1 0 0
320.48 2 8 2 8 15275 40814 1 1 0 0
320.543 2 8 2 8 15285 40824 1 1 0 0
320.621 2 8 2 8 15295 40834 1 1 0 0
320.684 2 8 2 8 15305 40844 1 1 0 0
320.762 2 8 2 8 15315 40854 1 1 0 0
320.824 2 8 2 8 15325 40864 1 1 0 0
320.902 2 8 2 8 15335 40874 1 1 0 0
320.98 2 8 2 8 15345 40884 1 1 0 0
321.043 2 8 2 8 15355 40894 1 1 0 0
321.121 2 8 2 8 15365 40904 1 1 0 0
321.183 2 8 2 8 15375 40914 1 1 0 0
321.262 2 8 2 8 15385 40924 1 1 0 0
321.324 2 8 2 8 15395 40934 1 1 0 0
321.402 2 8 2 8 15405 40944 1 1 0 0
321.48 2 8 2 8 15415 40954 1 1 0 0
321.543 2 8 2 8 15425 40964 1 1 0 0
321.621 2 8 2 8 15435 40974 1 1 0 0
321.683 2 8 2 8 15445 40984 1 1 0 0
321.761 2 8 2 8 15455 40994 1 1 0 0
321.824 2 8 2 8 15465 41004 1 1 0 0
321.902 2 8 2 8 15475 41014 1 1 0 0
321.98 2 8 2 8 15485 41024 1 1 0 0
322.043 2 8 2 8 15495 41034 1 1 0 0
322.121 2 8 2 8 15505 41044 1 1 0 0
322.183 2 8 2 8 15515 41054 1 1 0 0
322.261 2 8 2 8 15525 41064 1 1 0 0
322.324 2 8 2 8 15535 41074 1 1 0 0
322.402 2 8 2 8 15545 41084 1 1 0 0
322.48 2 8 2 8 15555 41094 1 1 0 0
322.543 2 8 2 8 15565 41104 1 1 0 0
322.623 2 8 2 8 15575 41114 1 1 0 0
322.686 2 8 2 8 15585 41124 1 1 0 0
322.764 2 8 2 8 15595 41134 1 1 0 0
322.827 2 8 2 8 15605 41144 1 1 0 0
322.905 2 8 2 8 15615 41154 1 1 0 0
322.967 2 8 2 8 15625 41164 1 1 0 0
323.045 2 8 2 8 15635 41174 1 1 0 0
323.123 2 8 2 8 15645 41184 1 1 0 0
323.186 2 8 2 8 15655 41194 1 1 0 0
323.264 2 8 2 8 15665 41204 1 1 0 0
323.326 2 8 2 8 15675 41214 1 1 0 0
323.404 2 8 2 8 15685 41224 1 1 0 0
323.467 2 8 2 8 15695 41234 1 1 0 0
323.545 2 8 2 8 15705 41244 1 1 0 0
323.623 2 8 2 8 15715 41254 1 1 0 0
323.686 2 8 2 8 15725 41264 1 1 0 0
323.764 2 4 2 4 15731 41270 1 1 0 0
